
-1239.5 -3250.4 -3647.7 
-1372.9 -3217.2 3647.7  
-1286.5 -3250.4 0000.0  
-1286.5 -3300.1 0000.0  
-1255.2 -3316.7 3647.7  
-1192.7 -3250.4 3647.7  
-1263.0 -3316.7 3647.7  
-1310.0 -3316.7 -3647.7 
-1231.7 -3383.0 3647.7  
-1294.4 -3366.5 -3647.7 
-1239.5 -3283.5 -3647.7 
-1349.3 -3283.5 -3647.7 
-1278.7 -3349.9 -3647.7 
-1200.5 -3283.5 3647.7  
-1310.0 -3266.9 -3647.7 
-1270.9 -3333.3 3647.7  
-1310.0 -3333.3 -3647.7 
-1247.4 -3316.7 -3647.7 
-1302.2 -3217.2 -3647.7 
-1231.7 -3432.8 3647.7  
-1278.7 -3366.5 -3647.7 
-1130.3 -3316.7 0000.0  
-1317.9 -3333.3 0000.0  
-1286.5 -3366.5 0000.0  
-1270.9 -3316.7 3647.7  
-1200.5 -3300.1 3647.7  
-1310.0 -3217.2 -3647.7 
-1263.0 -3383.0 3647.7  
-1192.7 -3233.8 3647.7  
-1208.3 -3283.5 -3647.7 
-1247.4 -3300.1 -3647.7 
-1341.4 -3266.9 0000.0  
-1310.0 -3250.4 -3647.7 
-1294.4 -3349.9 -3647.7 
-1294.4 -3333.3 -3647.7 
-1341.4 -3349.9 0000.0  
-1286.5 -3316.7 0000.0  
-1247.4 -3316.7 -3647.7 
-1247.4 -3333.3 -3647.7 
-1286.5 -3300.1 0000.0  
-1200.5 -3300.1 3647.7  
-1294.4 -3266.9 -3647.7 
-1255.2 -3316.7 3647.7  
-1239.5 -3349.9 -3647.7 
-1247.4 -3200.6 -3647.7 
-1294.4 -3250.4 -3647.7 
-1333.6 -3349.9 -3647.7 
-1396.5 -3333.3 0000.0  
-1270.9 -3233.8 3647.7  
-1310.0 -3349.9 -3647.7 
-1294.4 -3366.5 -3647.7 
-1192.7 -3333.3 3647.7  
-1302.2 -3283.5 -3647.7 
-1239.5 -3217.2 -3647.7 
-1278.7 -3399.6 -3647.7 
-1153.6 -3300.1 3647.7  
-1270.9 -3217.2 3647.7  
-1294.4 -3283.5 -3647.7 
-1200.5 -3383.0 3647.7  
-1325.7 -3283.5 -3647.7 
-1200.5 -3383.0 3647.7  
-1255.2 -3250.4 3647.7  
-1216.1 -3300.1 3647.7  
-1286.5 -3316.7 0000.0  
-1184.9 -3300.1 -3647.7 
-1223.9 -3266.9 -3647.7 
-1169.2 -3233.8 3647.7  
-1294.4 -3333.3 -3647.7 
-1270.9 -3333.3 3647.7  
-1223.9 -3283.5 -3647.7 
-1216.1 -3316.7 3647.7  
-1286.5 -3283.5 0000.0  
-1294.4 -3366.5 -3647.7 
-1412.2 -3316.7 3647.7  
-1231.7 -3283.5 3647.7  
-1231.7 -3416.2 3647.7  
-1270.9 -3300.1 3647.7  
-1294.4 -3233.8 -3647.7 
-1223.9 -3349.9 -3647.7 
-1286.5 -3316.7 0000.0  
-1239.5 -3250.4 -3647.7 
-1255.2 -3333.3 3647.7  
-1380.7 -3233.8 -3647.7 
-1325.7 -3266.9 -3647.7 
-1255.2 -3283.5 3647.7  
-1270.9 -3300.1 3647.7  
-1325.7 -3416.2 -3647.7 
-1302.2 -3283.5 -3647.7 
-1317.9 -3200.6 0000.0  
-1263.0 -3432.8 3647.7  
-1286.5 -3266.9 0000.0  
-1239.5 -3383.0 -3647.7 
-1208.3 -3349.9 -3647.7 
-1278.7 -3200.6 -3647.7 
-1239.5 -3349.9 -3647.7 
-1200.5 -3300.1 3647.7  
-1310.0 -3233.8 -3647.7 
-1302.2 -3333.3 -3647.7 
-1325.7 -3383.0 -3647.7 
-1286.5 -3399.6 0000.0  
-1208.3 -3300.1 -3647.7 
-1223.9 -3250.4 -3647.7 
-1286.5 -3333.3 0000.0  
-1325.7 -3250.4 -3647.7 
-1333.6 -3300.1 -3647.7 
-1247.4 -3366.5 -3647.7 
-1216.1 -3300.1 3647.7  
-1223.9 -3316.7 -3647.7 
-1317.9 -3349.9 0000.0  
-1263.0 -3333.3 3647.7  
-1208.3 -3333.3 -3647.7 
-1302.2 -3333.3 -3647.7 
-1216.1 -3333.3 3647.7  
-1365.0 -3349.9 3647.7  
-1333.6 -3283.5 -3647.7 
-1357.1 -3266.9 -3647.7 
-1231.7 -3233.8 3647.7  
-1223.9 -3233.8 -3647.7 
-1247.4 -3366.5 -3647.7 
-1247.4 -3266.9 -3647.7 
-1153.6 -3250.4 3647.7  
-1270.9 -3333.3 3647.7  
-1231.7 -3333.3 3647.7  
-1317.9 -3349.9 0000.0  
-1302.2 -3333.3 -3647.7 
-1255.2 -3217.2 3647.7  
-1223.9 -3366.5 -3647.7 
-1255.2 -3283.5 3647.7  
-1263.0 -3266.9 3647.7  
-1192.7 -3333.3 3647.7  
-1239.5 -3316.7 -3647.7 
-1223.9 -3283.5 -3647.7 
-1278.7 -3316.7 -3647.7 
-1310.0 -3250.4 -3647.7 
-1247.4 -3349.9 -3647.7 
-1122.5 -3300.1 3647.7  
-1247.4 -3150.9 -3647.7 
-1286.5 -3233.8 0000.0  
-1294.4 -3383.0 -3647.7 
-1270.9 -3383.0 3647.7  
-1200.5 -3399.6 3647.7  
-1184.9 -3233.8 -3647.7 
-1341.4 -3283.5 0000.0  
-1286.5 -3383.0 0000.0  
-1247.4 -3233.8 -3647.7 
-1216.1 -3366.5 3647.7  
-1263.0 -3300.1 3647.7  
-1263.0 -3333.3 3647.7  
-1263.0 -3266.9 3647.7  
-1333.6 -3266.9 -3647.7 
-1231.7 -3266.9 3647.7  
-1200.5 -3316.7 3647.7  
-1177.0 -3266.9 3647.7  
-1270.9 -3349.9 3647.7  
-1302.2 -3316.7 -3647.7 
-1208.3 -3449.4 -3647.7 
-1184.9 -3449.4 -3647.7 
-1278.7 -3266.9 -3647.7 
-1239.5 -3399.6 -3647.7 
-1302.2 -3449.4 -3647.7 
-1263.0 -3300.1 3647.7  
-1231.7 -3349.9 3647.7  
-1255.2 -3366.5 3647.7  
-1357.1 -3283.5 -3647.7 
-1310.0 -3349.9 -3647.7 
-1310.0 -3283.5 -3647.7 
-1302.2 -3283.5 -3647.7 
-1247.4 -3399.6 -3647.7 
-1247.4 -3167.4 -3647.7 
-1317.9 -3283.5 0000.0  
-1263.0 -3283.5 3647.7  
-1184.9 -3250.4 -3647.7 
-1223.9 -3300.1 -3647.7 
-1247.4 -3283.5 -3647.7 
-1349.3 -3266.9 -3647.7 
-1216.1 -3300.1 3647.7  
-1192.7 -3233.8 3647.7  
-1286.5 -3283.5 0000.0  
-1255.2 -3283.5 3647.7  
-1255.2 -3383.0 3647.7  
-1294.4 -3316.7 -3647.7 
-1223.9 -3316.7 -3647.7 
-1263.0 -3316.7 3647.7  
-1380.7 -3217.2 -3647.7 
-1294.4 -3300.1 -3647.7 
-1278.7 -3300.1 -3647.7 
-1255.2 -3250.4 3647.7  
-1208.3 -3300.1 -3647.7 
-1294.4 -3383.0 -3647.7 
-1310.0 -3283.5 -3647.7 
-1302.2 -3449.4 -3647.7 
-1216.1 -3316.7 3647.7  
-1216.1 -3217.2 3647.7  
-1263.0 -3383.0 3647.7  
-1302.2 -3300.1 -3647.7 
-1263.0 -3283.5 3647.7  
-1208.3 -3349.9 -3647.7 
-1247.4 -3300.1 -3647.7 
-1302.2 -3300.1 -3647.7 
-1341.4 -3466.0 0000.0  
-1263.0 -3250.4 3647.7  
-1317.9 -3283.5 0000.0  
-1153.6 -3300.1 3647.7  
-1239.5 -3300.1 -3647.7 
-1278.7 -3300.1 -3647.7 
-1247.4 -3283.5 -3647.7 
-1208.3 -3349.9 -3647.7 
-1169.2 -3399.6 3647.7  
-1145.8 -3283.5 0000.0  
-1247.4 -3283.5 -3647.7 
-1192.7 -3449.4 3647.7  
-1223.9 -3316.7 -3647.7 
-1223.9 -3349.9 -3647.7 
-1310.0 -3349.9 -3647.7 
-1310.0 -3333.3 -3647.7 
-1310.0 -3383.0 -3647.7 
-1278.7 -3250.4 -3647.7 
-1216.1 -3283.5 3647.7  
-1231.7 -3233.8 3647.7  
-1263.0 -3300.1 3647.7  
-1255.2 -3233.8 3647.7  
-1231.7 -3217.2 3647.7  
-1317.9 -3283.5 0000.0  
-1145.8 -3349.9 0000.0  
-1310.0 -3250.4 -3647.7 
-1263.0 -3266.9 3647.7  
-1286.5 -3316.7 0000.0  
-1294.4 -3366.5 -3647.7 
-1255.2 -3366.5 3647.7  
-1420.1 -3250.4 3647.7  
-1270.9 -3250.4 3647.7  
-1223.9 -3399.6 -3647.7 
-1333.6 -3316.7 -3647.7 
-1239.5 -3266.9 -3647.7 
-1247.4 -3383.0 -3647.7 
-1372.9 -3283.5 3647.7  
-1286.5 -3366.5 0000.0  
-1223.9 -3233.8 -3647.7 
-1239.5 -3233.8 -3647.7 
-1270.9 -3482.5 3647.7  
-1263.0 -3233.8 3647.7  
-1278.7 -3333.3 -3647.7 
-1302.2 -3316.7 -3647.7 
-1333.6 -3283.5 -3647.7 
-1310.0 -3349.9 -3647.7 
-1255.2 -3366.5 3647.7  
-1302.2 -3266.9 -3647.7 
-1263.0 -3383.0 3647.7  
-1247.4 -3217.2 -3647.7 
-1270.9 -3333.3 3647.7  
-1310.0 -3366.5 -3647.7 
-1286.5 -3316.7 0000.0  
-1341.4 -3366.5 0000.0  
-1239.5 -3217.2 -3647.7 
-1263.0 -3266.9 3647.7  
-1286.5 -3383.0 0000.0  
-1239.5 -3316.7 -3647.7 
-1200.5 -3283.5 3647.7  
-1286.5 -3366.5 0000.0  
-1325.7 -3300.1 -3647.7 
-1192.7 -3349.9 3647.7  
-1247.4 -3283.5 -3647.7 
-1286.5 -3250.4 0000.0  
-1263.0 -3349.9 3647.7  
-1286.5 -3233.8 0000.0  
-1317.9 -3416.2 0000.0  
-1247.4 -3300.1 -3647.7 
-1310.0 -3266.9 -3647.7 
-1200.5 -3300.1 3647.7  
-1247.4 -3233.8 -3647.7 
-1349.3 -3316.7 -3647.7 
-1302.2 -3349.9 -3647.7 
-1263.0 -3184.0 3647.7  
-1286.5 -3266.9 0000.0  
-1231.7 -3383.0 3647.7  
-1302.2 -3333.3 -3647.7 
-1325.7 -3366.5 -3647.7 
-1208.3 -3316.7 -3647.7 
-1294.4 -3333.3 -3647.7 
-1341.4 -3432.8 0000.0  
-1208.3 -3233.8 -3647.7 
-1365.0 -3349.9 3647.7  
-1247.4 -3366.5 -3647.7 
-1255.2 -3316.7 3647.7  
-1294.4 -3283.5 -3647.7 
-1263.0 -3217.2 3647.7  
-1239.5 -3200.6 -3647.7 
-1294.4 -3333.3 -3647.7 
-1184.9 -3333.3 -3647.7 
-1223.9 -3250.4 -3647.7 
-1286.5 -3366.5 0000.0  
-1341.4 -3349.9 0000.0  
-1184.9 -3283.5 -3647.7 
-1192.7 -3250.4 3647.7  
-1247.4 -3333.3 -3647.7 
-1239.5 -3366.5 -3647.7 
-1270.9 -3300.1 3647.7  
-1239.5 -3316.7 -3647.7 
-1223.9 -3349.9 -3647.7 
-1294.4 -3250.4 -3647.7 
-1302.2 -3316.7 -3647.7 
-1208.3 -3217.2 -3647.7 
-1294.4 -3333.3 -3647.7 
-1263.0 -3283.5 3647.7  
-1263.0 -3349.9 3647.7  
-1278.7 -3449.4 -3647.7 
-1247.4 -3316.7 -3647.7 
-1286.5 -3300.1 0000.0  
-1278.7 -3399.6 -3647.7 
-1231.7 -3383.0 3647.7  
-1333.6 -3316.7 -3647.7 
-1270.9 -3399.6 3647.7  
-1145.8 -3316.7 0000.0  
-1278.7 -3266.9 -3647.7 
-1247.4 -3316.7 -3647.7 
-1302.2 -3300.1 -3647.7 
-1247.4 -3316.7 -3647.7 
-1216.1 -3333.3 3647.7  
-1286.5 -3316.7 0000.0  
-1270.9 -3316.7 3647.7  
-1247.4 -3283.5 -3647.7 
-1310.0 -3300.1 -3647.7 
-1317.9 -3283.5 0000.0  
-1263.0 -3316.7 3647.7  
-1184.9 -3366.5 -3647.7 
-1223.9 -3366.5 -3647.7 
-1255.2 -3366.5 3647.7  
-1294.4 -3383.0 -3647.7 
-1286.5 -3333.3 0000.0  
-1286.5 -3283.5 0000.0  
-1239.5 -3283.5 -3647.7 
-1278.7 -3333.3 -3647.7 
-1255.2 -3250.4 3647.7  
-1278.7 -3366.5 -3647.7 
-1294.4 -3300.1 -3647.7 
-1200.5 -3349.9 3647.7  
-1278.7 -3266.9 -3647.7 
-1286.5 -3432.8 0000.0  
-1208.3 -3316.7 -3647.7 
-1263.0 -3333.3 3647.7  
-1310.0 -3316.7 -3647.7 
-1270.9 -3316.7 3647.7  
-1302.2 -3233.8 -3647.7 
-1247.4 -3432.8 -3647.7 
-1161.4 -3266.9 3647.7  
-1341.4 -3333.3 0000.0  
-1286.5 -3449.4 0000.0  
-1341.4 -3233.8 0000.0  
-1255.2 -3366.5 3647.7  
-1231.7 -3366.5 3647.7  
-1286.5 -3333.3 0000.0  
-1310.0 -3349.9 -3647.7 
-1247.4 -3333.3 -3647.7 
-1286.5 -3316.7 0000.0  
-1239.5 -3266.9 -3647.7 
-1365.0 -3283.5 3647.7  
-1302.2 -3266.9 -3647.7 
-1255.2 -3399.6 3647.7  
-1325.7 -3300.1 -3647.7 
-1153.6 -3266.9 3647.7  
-1145.8 -3266.9 0000.0  
-1302.2 -3283.5 -3647.7 
-1310.0 -3349.9 -3647.7 
-1216.1 -3266.9 3647.7  
-1294.4 -3266.9 -3647.7 
-1239.5 -3250.4 -3647.7 
-1349.3 -3233.8 -3647.7 
-1302.2 -3366.5 -3647.7 
-1255.2 -3250.4 3647.7  
-1247.4 -3283.5 -3647.7 
-1223.9 -3366.5 -3647.7 
-1365.0 -3283.5 3647.7  
-1177.0 -3366.5 3647.7  
-1208.3 -3266.9 -3647.7 
-1223.9 -3250.4 -3647.7 
-1247.4 -3366.5 -3647.7 
-1317.9 -3316.7 0000.0  
-1255.2 -3283.5 3647.7  
-1153.6 -3266.9 3647.7  
-1208.3 -3266.9 -3647.7 
-1286.5 -3383.0 0000.0  
-1278.7 -3349.9 -3647.7 
-1294.4 -3316.7 -3647.7 
-1247.4 -3366.5 -3647.7 
-1114.7 -3316.7 3647.7  
-1208.3 -3283.5 -3647.7 
-1208.3 -3316.7 -3647.7 
-1380.7 -3283.5 -3647.7 
-1263.0 -3316.7 3647.7  
-1153.6 -3349.9 3647.7  
-1325.7 -3300.1 -3647.7 
-1270.9 -3266.9 3647.7  
-1286.5 -3266.9 0000.0  
-1278.7 -3366.5 -3647.7 
-1184.9 -3333.3 -3647.7 
-1349.3 -3300.1 -3647.7 
-1231.7 -3316.7 3647.7  
-1263.0 -3316.7 3647.7  
-1208.3 -3416.2 -3647.7 
-1231.7 -3349.9 3647.7  
-1231.7 -3283.5 3647.7  
-1333.6 -3366.5 -3647.7 
-1294.4 -3366.5 -3647.7 
-1263.0 -3333.3 3647.7  
-1372.9 -3316.7 3647.7  
-1255.2 -3184.0 3647.7  
-1200.5 -3266.9 3647.7  
-1372.9 -3316.7 3647.7  
-1239.5 -3300.1 -3647.7 
-1239.5 -3250.4 -3647.7 
-1208.3 -3300.1 -3647.7 
-1310.0 -3333.3 -3647.7 
-1286.5 -3283.5 0000.0  
-1278.7 -3250.4 -3647.7 
-1317.9 -3300.1 0000.0  
-1216.1 -3316.7 3647.7  
-1270.9 -3383.0 3647.7  
-1420.1 -3316.7 3647.7  
-1278.7 -3300.1 -3647.7 
-1365.0 -3233.8 3647.7  
-1223.9 -3333.3 -3647.7 
-1263.0 -3217.2 3647.7  
-1310.0 -3233.8 -3647.7 
-1247.4 -3333.3 -3647.7 
-1231.7 -3300.1 3647.7  
-1310.0 -3233.8 -3647.7 
-1239.5 -3233.8 -3647.7 
-1294.4 -3383.0 -3647.7 
-1294.4 -3300.1 -3647.7 
-1208.3 -3300.1 -3647.7 
-1239.5 -3399.6 -3647.7 
-1294.4 -3300.1 -3647.7 
-1278.7 -3366.5 -3647.7 
-1333.6 -3217.2 -3647.7 
-1294.4 -3399.6 -3647.7 
-1216.1 -3266.9 3647.7  
-1310.0 -3316.7 -3647.7 
-1239.5 -3283.5 -3647.7 
-1278.7 -3300.1 -3647.7 
-1223.9 -3333.3 -3647.7 
-1255.2 -3283.5 3647.7  
-1263.0 -3349.9 3647.7  
-1388.6 -3316.7 -3647.7 
-1357.1 -3316.7 -3647.7 
-1278.7 -3250.4 -3647.7 
-1145.8 -3217.2 0000.0  
-1294.4 -3300.1 -3647.7 
-1278.7 -3333.3 -3647.7 
-1255.2 -3349.9 3647.7  
-1239.5 -3333.3 -3647.7 
-1247.4 -3283.5 -3647.7 
-1161.4 -3333.3 3647.7  
-1341.4 -3349.9 0000.0  
-1177.0 -3266.9 3647.7  
-1380.7 -3233.8 -3647.7 
-1263.0 -3200.6 3647.7  
-1184.9 -3233.8 -3647.7 
-1231.7 -3316.7 3647.7  
-1302.2 -3300.1 -3647.7 
-1278.7 -3333.3 -3647.7 
-1333.6 -3300.1 -3647.7 
-1184.9 -3399.6 -3647.7 
-1263.0 -3333.3 3647.7  
-1404.3 -3316.7 -3647.7 
-1192.7 -3316.7 3647.7  
-1200.5 -3366.5 3647.7  
-1122.5 -3349.9 3647.7  
-1216.1 -3383.0 3647.7  
-1325.7 -3349.9 -3647.7 
-1278.7 -3300.1 -3647.7 
-1239.5 -3283.5 -3647.7 
-1231.7 -3333.3 3647.7  
-1286.5 -3283.5 0000.0  
-1380.7 -3316.7 -3647.7 
-1255.2 -3200.6 3647.7  
-1247.4 -3333.3 -3647.7 
-1223.9 -3349.9 -3647.7 
-1270.9 -3300.1 3647.7  
-1365.0 -3300.1 3647.7  
-1270.9 -3333.3 3647.7  
-1184.9 -3266.9 -3647.7 
-1263.0 -3383.0 3647.7  
-1177.0 -3283.5 3647.7  
-1302.2 -3383.0 -3647.7 
-1255.2 -3283.5 3647.7  
-1239.5 -3266.9 -3647.7 
-1208.3 -3316.7 -3647.7 
-1278.7 -3349.9 -3647.7 
-1302.2 -3266.9 -3647.7 
-1325.7 -3250.4 -3647.7 
-1192.7 -3300.1 3647.7  
-1263.0 -3300.1 3647.7  
-1263.0 -3316.7 3647.7  
-1286.5 -3333.3 0000.0  
-1302.2 -3399.6 -3647.7 
-1325.7 -3283.5 -3647.7 
-1169.2 -3333.3 3647.7  
-1223.9 -3283.5 -3647.7 
-1255.2 -3250.4 3647.7  
-1192.7 -3399.6 3647.7  
-1325.7 -3333.3 -3647.7 
-1255.2 -3316.7 3647.7  
-1239.5 -3316.7 -3647.7 
-1396.5 -3316.7 0000.0  
-1239.5 -3300.1 -3647.7  