
-1180.8 -0041.4 0699.1  
-1157.4 0024.8  0700.4  
-1102.8 -0008.2 0699.8  
-1134.0 -0058.0 0698.8  
-1157.4 0041.4  0700.8  
-1196.4 -0041.4 0699.1  
-1087.2 0041.4  0700.8  
-1157.4 0008.2  0700.1  
-1212.0 0024.8  0700.4  
-1126.2 0024.8  0700.4  
-1095.0 -0058.0 0698.8  
-1173.0 0008.2  0700.1  
-1173.0 -0041.4 0699.1  
-1196.4 0024.8  0700.4  
-1141.8 0024.8  0700.4  
-1079.4 -0024.8 0699.5  
-1118.4 -0008.2 0699.8  
-1243.3 -0024.8 0699.5  
-1102.8 0024.8  0700.4  
-1212.0 -0008.2 0699.8  
-1188.6 -0008.2 0699.8  
-1157.4 0008.2  0700.1  
-1134.0 -0058.0 0698.8  
-1118.4 0024.8  0700.4  
-1118.4 0058.0  0701.1  
-1180.8 0058.0  0701.1  
-1118.4 0041.4  0700.8  
-1126.2 -0024.8 0699.5  
-1173.0 0008.2  0700.1  
-1180.8 -0024.8 0699.5  
-1165.2 0024.8  0700.4  
-1095.0 0008.2  0700.1  
-1173.0 0024.8  0700.4  
-1165.2 0024.8  0700.4  
-1165.2 -0024.8 0699.5  
-1188.6 0008.2  0700.1  
-1134.0 0024.8  0700.4  
-1219.8 -0024.8 0699.5  
-1118.4 0041.4  0700.8  
-1157.4 -0024.8 0699.5  
-1196.4 0041.4  0700.8  
-1243.3 -0024.8 0699.5  
-1134.0 0008.2  0700.1  
-1180.8 0024.8  0700.4  
-1196.4 -0024.8 0699.5  
-1126.2 0041.4  0700.8  
-1110.6 -0024.8 0699.5  
-1110.6 0041.4  0700.8  
-1149.6 -0024.8 0699.5  
-1196.4 0074.6  0701.4  
-1126.2 0024.8  0700.4  
-1157.4 -0008.2 0699.8  
-1157.4 -0008.2 0699.8  
-1126.2 -0041.4 0699.1  
-1141.8 0008.2  0700.1  
-1196.4 0041.4  0700.8  
-1212.0 -0041.4 0699.1  
-1165.2 0008.2  0700.1  
-1204.2 -0041.4 0699.1  
-1219.8 0041.4  0700.8  
-1204.2 -0041.4 0699.1  
-1141.8 0024.8  0700.4  
-1102.8 0024.8  0700.4  
-1071.7 -0041.4 0699.1  
-1149.6 0008.2  0700.1  
-1251.1 -0024.8 0699.5  
-1227.7 0024.8  0700.4  
-1141.8 0024.8  0700.4  
-1165.2 -0024.8 0699.5  
-1173.0 0041.4  0700.8  
-1149.6 -0024.8 0699.5  
-1118.4 0008.2  0700.1  
-1095.0 -0024.8 0699.5  
-1173.0 0024.8  0700.4  
-1180.8 0024.8  0700.4  
-1071.7 0024.8  0700.4  
-1212.0 0041.4  0700.8  
-1180.8 -0024.8 0699.5  
-1126.2 0008.2  0700.1  
-1110.6 0024.8  0700.4  
-1118.4 -0024.8 0699.5  
-1095.0 0024.8  0700.4  
-1157.4 -0024.8 0699.5  
-1134.0 0024.8  0700.4  
-1188.6 -0024.8 0699.5  
-1180.8 -0058.0 0698.8  
-1126.2 0008.2  0700.1  
-1188.6 -0041.4 0699.1  
-1126.2 0008.2  0700.1  
-1126.2 -0024.8 0699.5  
-1282.5 0008.2  0700.1  
-1165.2 0024.8  0700.4  
-1227.7 -0041.4 0699.1  
-1149.6 0008.2  0700.1  
-1079.4 -0058.0 0698.8  
-1180.8 0041.4  0700.8  
-1219.8 -0008.2 0699.8  
-1188.6 0024.8  0700.4  
-1063.9 0008.2  0700.1  
-1188.6 -0041.4 0699.1  
-1173.0 0008.2  0700.1  
-1212.0 -0024.8 0699.5  
-1102.8 -0008.2 0699.8  
-1165.2 0024.8  0700.4  
-1071.7 0008.2  0700.1  
-1165.2 0041.4  0700.8  
-1126.2 -0024.8 0699.5  
-1126.2 0008.2  0700.1  
-1157.4 0024.8  0700.4  
-1173.0 0041.4  0700.8  
-1126.2 0041.4  0700.8  
-1219.8 -0041.4 0699.1  
-1126.2 0041.4  0700.8  
-1259.0 -0058.0 0698.8  
-1165.2 -0008.2 0699.8  
-1149.6 0008.2  0700.1  
-1165.2 0024.8  0700.4  
-1134.0 0008.2  0700.1  
-1204.2 -0058.0 0698.8  
-1126.2 -0024.8 0699.5  
-1180.8 0024.8  0700.4  
-1126.2 -0041.4 0699.1  
-1157.4 0024.8  0700.4  
-1212.0 0008.2  0700.1  
-1126.2 0041.4  0700.8  
-1165.2 -0024.8 0699.5  
-1110.6 -0024.8 0699.5  
-1165.2 0024.8  0700.4  
-1188.6 -0041.4 0699.1  
-1173.0 0024.8  0700.4  
-1110.6 -0024.8 0699.5  
-1165.2 -0008.2 0699.8  
-1149.6 -0024.8 0699.5  
-1180.8 -0024.8 0699.5  
-1134.0 0058.0  0701.1  
-1196.4 -0041.4 0699.1  
-1126.2 0024.8  0700.4  
-1118.4 -0041.4 0699.1  
-1165.2 0041.4  0700.8  
-1149.6 0024.8  0700.4  
-1165.2 -0024.8 0699.5  
-1165.2 0024.8  0700.4  
-1079.4 -0024.8 0699.5  
-1149.6 0041.4  0700.8  
-1212.0 -0024.8 0699.5  
-1126.2 -0024.8 0699.5  
-1219.8 0024.8  0700.4  
-1173.0 -0024.8 0699.5  
-1227.7 0008.2  0700.1  
-1087.2 -0074.6 0698.5  
-1118.4 -0008.2 0699.8  
-1165.2 -0024.8 0699.5  
-1071.7 0041.4  0700.8  
-1282.5 0024.8  0700.4  
-1149.6 -0058.0 0698.8  
-1219.8 0008.2  0700.1  
-1118.4 -0024.8 0699.5  
-1235.5 -0024.8 0699.5  
-1180.8 0041.4  0700.8  
-1134.0 -0024.8 0699.5  
-1126.2 0024.8  0700.4  
-1173.0 -0024.8 0699.5  
-1157.4 -0008.2 0699.8  
-1063.9 0008.2  0700.1  
-1274.6 -0008.2 0699.8  
-1196.4 0024.8  0700.4  
-1290.3 -0041.4 0699.1  
-1134.0 -0008.2 0699.8  
-1180.8 -0008.2 0699.8  
-1173.0 -0008.2 0699.8  
-1134.0 0024.8  0700.4  
-1118.4 -0041.4 0699.1  
-1235.5 0024.8  0700.4  
-1204.2 -0024.8 0699.5  
-1219.8 -0024.8 0699.5  
-1165.2 0024.8  0700.4  
-1149.6 -0024.8 0699.5  
-1071.7 0024.8  0700.4  
-1149.6 -0024.8 0699.5  
-1180.8 0024.8  0700.4  
-1188.6 -0024.8 0699.5  
-1165.2 0008.2  0700.1  
-1071.7 0058.0  0701.1  
-1118.4 -0058.0 0698.8  
-1243.3 0024.8  0700.4  
-1196.4 -0024.8 0699.5  
-1118.4 0024.8  0700.4  
-1173.0 0024.8  0700.4  
-1134.0 0024.8  0700.4  
-1180.8 0041.4  0700.8  
-1243.3 -0041.4 0699.1  
-1118.4 0041.4  0700.8  
-1141.8 -0041.4 0699.1  
-1149.6 0024.8  0700.4  
-1118.4 0041.4  0700.8  
-1196.4 -0041.4 0699.1  
-1212.0 0024.8  0700.4  
-1165.2 -0024.8 0699.5  
-1259.0 0024.8  0700.4  
-1157.4 -0008.2 0699.8  
-1095.0 0008.2  0700.1  
-1165.2 0041.4  0700.8  
-1188.6 -0008.2 0699.8  
-1126.2 0008.2  0700.1  
-1251.1 0024.8  0700.4  
-1173.0 -0041.4 0699.1  
-1196.4 0058.0  0701.1  
-1149.6 0024.8  0700.4  
-1165.2 0024.8  0700.4  
-1118.4 -0008.2 0699.8  
-1180.8 0024.8  0700.4  
-1141.8 0024.8  0700.4  
-1173.0 0024.8  0700.4  
-1110.6 0008.2  0700.1  
-1095.0 -0024.8 0699.5  
-1196.4 -0008.2 0699.8  
-1243.3 -0058.0 0698.8  
-1095.0 -0024.8 0699.5  
-1141.8 0024.8  0700.4  
-1196.4 0024.8  0700.4  
-1212.0 0041.4  0700.8  
-1212.0 -0041.4 0699.1  
-1102.8 0008.2  0700.1  
-1079.4 0058.0  0701.1  
-1149.6 -0024.8 0699.5  
-1079.4 0041.4  0700.8  
-1134.0 -0041.4 0699.1  
-1165.2 0024.8  0700.4  
-1188.6 -0041.4 0699.1  
-1219.8 0041.4  0700.8  
-1087.2 0008.2  0700.1  
-1141.8 -0041.4 0699.1  
-1102.8 0024.8  0700.4  
-1110.6 -0041.4 0699.1  
-1196.4 0024.8  0700.4  
-1157.4 -0024.8 0699.5  
-1173.0 -0008.2 0699.8  
-1134.0 0024.8  0700.4  
-1313.8 -0024.8 0699.5  
-1235.5 0008.2  0700.1  
-1126.2 -0058.0 0698.8  
-1180.8 0024.8  0700.4  
-1134.0 0008.2  0700.1  
-1204.2 0008.2  0700.1  
-1243.3 0008.2  0700.1  
-1219.8 -0041.4 0699.1  
-1173.0 0008.2  0700.1  
-1118.4 0008.2  0700.1  
-1204.2 0024.8  0700.4  
-1079.4 0041.4  0700.8  
-1141.8 -0058.0 0698.8  
-1235.5 0024.8  0700.4  
-1219.8 -0024.8 0699.5  
-1118.4 0008.2  0700.1  
-1079.4 -0008.2 0699.8  
-1134.0 -0008.2 0699.8  
-1079.4 0041.4  0700.8  
-1126.2 -0008.2 0699.8  
-1188.6 0008.2  0700.1  
-1204.2 0024.8  0700.4  
-1227.7 0008.2  0700.1  
-1110.6 0024.8  0700.4  
-1110.6 -0024.8 0699.5  
-1118.4 -0008.2 0699.8  
-1149.6 -0041.4 0699.1  
-1141.8 0024.8  0700.4  
-1095.0 0008.2  0700.1  
-1188.6 -0074.6 0698.5  
-1204.2 0041.4  0700.8  
-1141.8 -0058.0 0698.8  
-1157.4 0008.2  0700.1  
-1102.8 0058.0  0701.1  
-1149.6 0041.4  0700.8  
-1165.2 0024.8  0700.4  
-1118.4 -0041.4 0699.1  
-1180.8 0024.8  0700.4  
-1173.0 -0041.4 0699.1  
-1141.8 0024.8  0700.4  
-1165.2 -0008.2 0699.8  
-1165.2 -0024.8 0699.5  
-1165.2 0008.2  0700.1  
-1173.0 -0024.8 0699.5  
-1227.7 -0008.2 0699.8  
-1141.8 -0041.4 0699.1  
-1204.2 0024.8  0700.4  
-1173.0 0041.4  0700.8  
-1134.0 0008.2  0700.1  
-1110.6 0008.2  0700.1  
-1056.1 -0058.0 0698.8  
-1196.4 0008.2  0700.1  
-1227.7 0041.4  0700.8  
-1204.2 -0041.4 0699.1  
-1196.4 0024.8  0700.4  
-1188.6 -0041.4 0699.1  
-1173.0 -0008.2 0699.8  
-1212.0 -0041.4 0699.1  
-1165.2 0008.2  0700.1  
-1126.2 0024.8  0700.4  
-1212.0 -0041.4 0699.1  
-1196.4 0041.4  0700.8  
-1235.5 -0041.4 0699.1  
-1157.4 -0058.0 0698.8  
-1118.4 0008.2  0700.1  
-1056.1 -0008.2 0699.8  
-1188.6 0008.2  0700.1  
-1149.6 -0008.2 0699.8  
-1219.8 -0024.8 0699.5  
-1102.8 0024.8  0700.4  
-1110.6 -0058.0 0698.8  
-1087.2 0024.8  0700.4  
-1110.6 -0024.8 0699.5  
-1087.2 0041.4  0700.8  
-1212.0 -0041.4 0699.1  
-1188.6 0008.2  0700.1  
-1149.6 0024.8  0700.4  
-1173.0 -0041.4 0699.1  
-1126.2 0024.8  0700.4  
-1157.4 -0041.4 0699.1  
-1118.4 0024.8  0700.4  
-1141.8 0041.4  0700.8  
-1173.0 -0041.4 0699.1  
-1196.4 0024.8  0700.4  
-1235.5 -0041.4 0699.1  
-1118.4 0041.4  0700.8  
-1243.3 -0058.0 0698.8  
-1204.2 0024.8  0700.4  
-1134.0 0041.4  0700.8  
-1290.3 -0041.4 0699.1  
-1180.8 0041.4  0700.8  
-1118.4 -0041.4 0699.1  
-1180.8 -0008.2 0699.8  
-1087.2 0024.8  0700.4  
-1056.1 -0008.2 0699.8  
-1180.8 0024.8  0700.4  
-1087.2 -0041.4 0699.1  
-1196.4 -0008.2 0699.8  
-1227.7 0024.8  0700.4  
-1188.6 -0008.2 0699.8  
-1165.2 0041.4  0700.8  
-1134.0 0024.8  0700.4  
-1173.0 0041.4  0700.8  
-1118.4 -0024.8 0699.5  
-1165.2 0024.8  0700.4  
-1025.0 -0008.2 0699.8  
-1235.5 -0008.2 0699.8  
-1180.8 0024.8  0700.4  
-1321.7 -0041.4 0699.1  
-1157.4 0008.2  0700.1  
-1188.6 -0024.8 0699.5  
-1188.6 0008.2  0700.1  
-1149.6 0041.4  0700.8  
-1165.2 0008.2  0700.1  
-1149.6 0041.4  0700.8  
-1259.0 -0058.0 0698.8  
-1126.2 0041.4  0700.8  
-1141.8 0041.4  0700.8  
-1118.4 -0041.4 0699.1  
-1025.0 0024.8  0700.4  
-1134.0 -0074.6 0698.5  
-1149.6 0008.2  0700.1  
-1219.8 -0024.8 0699.5  
-1165.2 0024.8  0700.4  
-1110.6 0058.0  0701.1  
-1219.8 0008.2  0700.1  
-1110.6 0024.8  0700.4  
-1196.4 -0058.0 0698.8  
-1157.4 0024.8  0700.4  
-1102.8 -0024.8 0699.5  
-1048.3 -0008.2 0699.8  
-1110.6 0041.4  0700.8  
-1212.0 -0024.8 0699.5  
-1173.0 0008.2  0700.1  
-1118.4 -0024.8 0699.5  
-1180.8 0008.2  0700.1  
-1149.6 0041.4  0700.8  
-1180.8 0008.2  0700.1  
-1126.2 0024.8  0700.4  
-1102.8 -0024.8 0699.5  
-1173.0 -0008.2 0699.8  
-1188.6 -0008.2 0699.8  
-1110.6 0008.2  0700.1  
-1141.8 0024.8  0700.4  
-1196.4 -0041.4 0699.1  
-1165.2 0024.8  0700.4  
-1157.4 -0024.8 0699.5  
-1141.8 0008.2  0700.1  
-1180.8 0041.4  0700.8  
-1157.4 -0008.2 0699.8  
-1149.6 0024.8  0700.4  
-1212.0 -0008.2 0699.8  
-1173.0 0041.4  0700.8  
-1157.4 -0008.2 0699.8  
-1188.6 0041.4  0700.8  
-1118.4 0008.2  0700.1  
-1157.4 -0024.8 0699.5  
-1251.1 0024.8  0700.4  
-1141.8 0041.4  0700.8  
-1259.0 0024.8  0700.4  
-1118.4 0024.8  0700.4  
-1056.1 -0024.8 0699.5  
-1141.8 0041.4  0700.8  
-1219.8 -0058.0 0698.8  
-1141.8 0024.8  0700.4  
-1157.4 0024.8  0700.4  
-1196.4 -0041.4 0699.1  
-1157.4 -0008.2 0699.8  
-1134.0 -0041.4 0699.1  
-1126.2 0058.0  0701.1  
-1126.2 -0008.2 0699.8  
-1196.4 0024.8  0700.4  
-1141.8 0024.8  0700.4  
-1212.0 -0024.8 0699.5  
-1141.8 0024.8  0700.4  
-1196.4 0008.2  0700.1  
-1188.6 0008.2  0700.1  
-1118.4 0024.8  0700.4  
-1141.8 -0024.8 0699.5  
-1204.2 0008.2  0700.1  
-1126.2 0008.2  0700.1  
-1227.7 0008.2  0700.1  
-1173.0 -0041.4 0699.1  
-1196.4 0008.2  0700.1  
-1134.0 0041.4  0700.8  
-1180.8 0008.2  0700.1  
-1204.2 -0008.2 0699.8  
-1110.6 -0041.4 0699.1  
-1180.8 0024.8  0700.4  
-1165.2 -0024.8 0699.5  
-1134.0 -0041.4 0699.1  
-1227.7 0024.8  0700.4  
-1235.5 -0041.4 0699.1  
-1087.2 0024.8  0700.4  
-1180.8 0058.0  0701.1  
-1165.2 0008.2  0700.1  
-1180.8 0008.2  0700.1  
-1149.6 0008.2  0700.1  
-1157.4 0024.8  0700.4  
-1204.2 -0024.8 0699.5  
-1196.4 -0024.8 0699.5  
-1180.8 0024.8  0700.4  
-1040.6 -0024.8 0699.5  
-1173.0 0024.8  0700.4  
-1141.8 -0024.8 0699.5  
-1141.8 0024.8  0700.4  
-1141.8 -0024.8 0699.5  
-1180.8 0024.8  0700.4  
-1165.2 0041.4  0700.8  
-1149.6 -0024.8 0699.5  
-1235.5 -0024.8 0699.5  
-1165.2 -0041.4 0699.1  
-1290.3 0008.2  0700.1  
-1196.4 0024.8  0700.4  
-1165.2 -0024.8 0699.5  
-1110.6 0041.4  0700.8  
-1227.7 -0024.8 0699.5  
-1134.0 0041.4  0700.8  
-1126.2 -0024.8 0699.5  
-1196.4 0008.2  0700.1  
-1180.8 0024.8  0700.4  
-1212.0 -0024.8 0699.5  
-1149.6 0024.8  0700.4  
-1165.2 -0041.4 0699.1  
-1110.6 -0024.8 0699.5  
-1204.2 0041.4  0700.8  
-1235.5 0008.2  0700.1  
-1219.8 0024.8  0700.4  
-1134.0 -0024.8 0699.5  
-1134.0 0008.2  0700.1  
-1141.8 0041.4  0700.8  
-1134.0 0008.2  0700.1  
-1243.3 0024.8  0700.4  
-1235.5 -0041.4 0699.1  
-1180.8 0041.4  0700.8  
-1157.4 -0024.8 0699.5  
-1118.4 0024.8  0700.4  
-1149.6 0008.2  0700.1  
-1212.0 -0008.2 0699.8  
-1157.4 0041.4  0700.8  
-1149.6 -0041.4 0699.1  
-1165.2 0024.8  0700.4  
-1212.0 -0008.2 0699.8  
-1219.8 -0024.8 0699.5  
-1141.8 0024.8  0700.4  
-1165.2 -0008.2 0699.8  
-1188.6 0024.8  0700.4  
-1196.4 -0024.8 0699.5  
-1165.2 0041.4  0700.8  
-1180.8 0058.0  0701.1  
-1219.8 -0008.2 0699.8  
-1259.0 0041.4  0700.8  
-1196.4 -0024.8 0699.5  
-1157.4 0008.2  0700.1  
-1118.4 -0008.2 0699.8  
-1173.0 -0024.8 0699.5  
-1134.0 0041.4  0700.8  
-1157.4 -0058.0 0698.8  
-1212.0 0008.2  0700.1  
-1157.4 -0041.4 0699.1  
-1235.5 0008.2  0700.1  
-1141.8 0024.8  0700.4  
-1196.4 -0008.2 0699.8  
-1095.0 0024.8  0700.4  
-1141.8 -0024.8 0699.5  
-1056.1 0008.2  0700.1  
-1188.6 -0074.6 0698.5  
-1157.4 0024.8  0700.4  
-1165.2 0041.4  0700.8  
-1204.2 -0041.4 0699.1  
-1157.4 0024.8  0700.4  
-1188.6 -0041.4 0699.1  
-1196.4 -0008.2 0699.8  
-1079.4 0008.2  0700.1  
-1196.4 -0008.2 0699.8  
-1110.6 0008.2  0700.1  
-1180.8 -0024.8 0699.5  
-1173.0 0008.2  0700.1  
-1212.0 -0024.8 0699.5  
-1188.6 -0008.2 0699.8  
-1188.6 0024.8  0700.4  
-1204.2 -0024.8 0699.5  
-1180.8 0024.8  0700.4  
-1157.4 -0041.4 0699.1  
-1227.7 -0008.2 0699.8  
-1134.0 0024.8  0700.4  
-1149.6 0008.2  0700.1  
-1157.4 0008.2  0700.1  
-1165.2 -0024.8 0699.5  
-1212.0 0058.0  0701.1  
-1173.0 -0024.8 0699.5  
-1149.6 -0041.4 0699.1  
-1110.6 0024.8  0700.4  
-1126.2 -0041.4 0699.1  
-1204.2 0008.2  0700.1  
-1204.2 -0058.0 0698.8  
-1141.8 -0008.2 0699.8  
-1079.4 0008.2  0700.1  
-1173.0 -0058.0 0698.8  
-1165.2 0008.2  0700.1  
-1149.6 -0041.4 0699.1  
-1141.8 -0008.2 0699.8  
-1212.0 -0024.8 0699.5  
-1212.0 0041.4  0700.8  
-1188.6 0024.8  0700.4  
-1274.6 -0041.4 0699.1  
-1165.2 -0008.2 0699.8  
-1149.6 -0041.4 0699.1  
-1204.2 -0041.4 0699.1  
-1157.4 0008.2  0700.1  
-1165.2 0008.2  0700.1  
-1126.2 0024.8  0700.4  
-1118.4 -0024.8 0699.5  
-1227.7 -0024.8 0699.5  
-1134.0 -0091.2 0698.1  
-1204.2 -0008.2 0699.8  
-1102.8 0024.8  0700.4  
-1141.8 -0024.8 0699.5  
-1180.8 0008.2  0700.1  
-1141.8 -0058.0 0698.8  
-1251.1 -0008.2 0699.8  
-1141.8 0024.8  0700.4  
-1126.2 0008.2  0700.1  
-1134.0 0008.2  0700.1  
-1149.6 -0058.0 0698.8  
-1219.8 0008.2  0700.1  
-1102.8 0041.4  0700.8  
-1173.0 -0041.4 0699.1  
-1188.6 0024.8  0700.4  
-1141.8 -0008.2 0699.8  
-1173.0 0041.4  0700.8  
-1227.7 -0008.2 0699.8  
-1157.4 0008.2  0700.1  
-1110.6 0024.8  0700.4  
-1149.6 -0058.0 0698.8  
-1180.8 0008.2  0700.1  
-1173.0 -0041.4 0699.1  
-1141.8 0041.4  0700.8  
-1149.6 -0041.4 0699.1  
-1259.0 -0041.4 0699.1  
-1149.6 0024.8  0700.4  
-1149.6 -0024.8 0699.5  
-1087.2 0024.8  0700.4  
-1196.4 -0024.8 0699.5  
-1212.0 0024.8  0700.4  
-1118.4 0041.4  0700.8  
-1227.7 -0074.6 0698.5  
-1173.0 0058.0  0701.1  
-1188.6 -0041.4 0699.1  
-1063.9 0058.0  0701.1  
-1196.4 -0041.4 0699.1  
-1141.8 0008.2  0700.1  
-1017.3 0008.2  0700.1  
-1188.6 -0024.8 0699.5  
-1095.0 0024.8  0700.4  
-1134.0 -0041.4 0699.1  
-1157.4 -0008.2 0699.8  
-1235.5 0024.8  0700.4  
-1149.6 -0024.8 0699.5  
-1118.4 0024.8  0700.4  
-1118.4 -0058.0 0698.8  
-1149.6 -0008.2 0699.8  
-1134.0 -0024.8 0699.5  
-1141.8 0008.2  0700.1  
-1102.8 0058.0  0701.1  
-1219.8 -0091.2 0698.1  
-1149.6 0024.8  0700.4  
-1110.6 -0041.4 0699.1  
-1126.2 0024.8  0700.4  
-1165.2 0008.2  0700.1  
-1141.8 -0024.8 0699.5  
-1056.1 0041.4  0700.8  
-1173.0 -0058.0 0698.8  
-1219.8 0024.8  0700.4  
-1219.8 -0024.8 0699.5  
-1196.4 0008.2  0700.1  
-1165.2 0008.2  0700.1  
-1087.2 0024.8  0700.4  
-1149.6 -0024.8 0699.5  
-1087.2 -0058.0 0698.8  
-1204.2 0008.2  0700.1  
-1165.2 0041.4  0700.8  
-1134.0 0008.2  0700.1  
-1188.6 0041.4  0700.8  
-1063.9 -0058.0 0698.8  
-1219.8 0008.2  0700.1  
-1204.2 0024.8  0700.4  
-1141.8 0024.8  0700.4  
-1149.6 0024.8  0700.4  
-1157.4 -0024.8 0699.5  
-1165.2 0008.2  0700.1  
-1102.8 -0024.8 0699.5  
-1095.0 0058.0  0701.1  
-1157.4 0008.2  0700.1  
-1149.6 -0024.8 0699.5  
-1134.0 0024.8  0700.4  
-1110.6 -0058.0 0698.8  
-1188.6 0008.2  0700.1  
-1204.2 -0058.0 0698.8  
-1165.2 0024.8  0700.4  
-1017.3 0041.4  0700.8  
-1180.8 -0058.0 0698.8  
-1298.2 -0041.4 0699.1  
-1204.2 -0024.8 0699.5  
-1227.7 0024.8  0700.4  
-1126.2 0041.4  0700.8  
-1180.8 0008.2  0700.1  
-1173.0 0041.4  0700.8  
-1227.7 -0008.2 0699.8  
-1157.4 -0008.2 0699.8  
-1134.0 -0041.4 0699.1  
-1188.6 0041.4  0700.8  
-1157.4 0024.8  0700.4  
-1134.0 -0008.2 0699.8  
-1126.2 0008.2  0700.1  
-1204.2 0008.2  0700.1  
-1102.8 0024.8  0700.4  
-1157.4 -0041.4 0699.1  
-1102.8 -0008.2 0699.8  
-1173.0 0041.4  0700.8  
-1212.0 -0024.8 0699.5  
-1204.2 0024.8  0700.4  
-1118.4 -0024.8 0699.5  
-1173.0 -0041.4 0699.1  
-1165.2 0024.8  0700.4  
-1048.3 -0008.2 0699.8  
-1196.4 0008.2  0700.1  
-1196.4 -0024.8 0699.5  
-1141.8 0008.2  0700.1  
-1219.8 0024.8  0700.4  
-1157.4 -0041.4 0699.1  
-1165.2 0024.8  0700.4  
-1188.6 -0008.2 0699.8  
-1173.0 0058.0  0701.1  
-1188.6 -0041.4 0699.1  
-1149.6 0024.8  0700.4  
-1149.6 0024.8  0700.4  
-1196.4 -0041.4 0699.1  
-1149.6 0008.2  0700.1  
-1134.0 -0008.2 0699.8  
-1157.4 0024.8  0700.4  
-1149.6 0074.6  0701.4  
-1118.4 -0008.2 0699.8  
-1118.4 0024.8  0700.4  
-1110.6 -0008.2 0699.8  
-1212.0 0041.4  0700.8  
-1243.3 -0041.4 0699.1  
-1243.3 0024.8  0700.4  
-1243.3 0041.4  0700.8  
-1219.8 -0008.2 0699.8  
-1165.2 0008.2  0700.1  
-1204.2 -0008.2 0699.8  
-1118.4 0008.2  0700.1  
-1087.2 0008.2  0700.1  
-1165.2 0008.2  0700.1  
-1134.0 0041.4  0700.8  
-1180.8 -0024.8 0699.5  
-1235.5 0024.8  0700.4  
-1087.2 0058.0  0701.1  
-1157.4 -0024.8 0699.5  
-1063.9 0041.4  0700.8  
-1196.4 -0024.8 0699.5  
-1157.4 0041.4  0700.8  
-1212.0 -0024.8 0699.5  
-1087.2 -0041.4 0699.1  
-1141.8 0041.4  0700.8  
-1219.8 -0008.2 0699.8  
-1165.2 0024.8  0700.4  
-1227.7 -0041.4 0699.1  
-1251.1 0024.8  0700.4  
-1173.0 -0008.2 0699.8  
-1173.0 0041.4  0700.8  
-1134.0 0041.4  0700.8  
-1134.0 -0008.2 0699.8  
-1196.4 0024.8  0700.4  
-1149.6 -0024.8 0699.5  
-1259.0 0041.4  0700.8  
-1157.4 0024.8  0700.4  
-1165.2 -0041.4 0699.1  
-1134.0 0024.8  0700.4  
-1212.0 -0041.4 0699.1  
-1149.6 0024.8  0700.4  
-1141.8 0008.2  0700.1  
-1102.8 -0008.2 0699.8  
-1087.2 0024.8  0700.4  
-1204.2 -0024.8 0699.5  
-1274.6 0008.2  0700.1  
-1196.4 -0041.4 0699.1  
-1212.0 0024.8  0700.4  
-1095.0 -0008.2 0699.8  
-1235.5 0008.2  0700.1  
-1063.9 0041.4  0700.8  
-1157.4 -0074.6 0698.5  
-1227.7 0024.8  0700.4  
-1196.4 -0024.8 0699.5  
-1126.2 0024.8  0700.4  
-1079.4 0024.8  0700.4  
-1141.8 -0058.0 0698.8  
-1157.4 0024.8  0700.4  
-1219.8 -0041.4 0699.1  
-1149.6 0041.4  0700.8  
-1173.0 -0024.8 0699.5  
-1102.8 0024.8  0700.4  
-1188.6 0041.4  0700.8  
-1071.7 -0041.4 0699.1  
-1204.2 0041.4  0700.8  
-0469.8 0008.2  0700.1  
-1188.6 0041.4  0700.8  
-0523.5 0024.8  0700.4  
-1118.4 -0024.8 0699.5  
-0515.8 0024.8  0700.4  
-1196.4 -0024.8 0699.5  
-1118.4 0024.8  0700.4  
-1188.6 0041.4  0700.8  
-1071.7 0008.2  0700.1  
-1227.7 0008.2  0700.1  
-1126.2 -0041.4 0699.1  
-1212.0 0024.8  0700.4  
-1095.0 -0074.6 0698.5  
-1079.4 0008.2  0700.1  
-1102.8 0041.4  0700.8  
-1173.0 -0024.8 0699.5  
-1180.8 0041.4  0700.8  
-1118.4 -0024.8 0699.5  
-1149.6 0041.4  0700.8  
-1157.4 0024.8  0700.4  
-1134.0 -0024.8 0699.5  
-1235.5 0024.8  0700.4  
-1259.0 -0058.0 0698.8  
-1212.0 0058.0  0701.1  
-1134.0 -0058.0 0698.8  
-1157.4 0024.8  0700.4  
-1134.0 0024.8  0700.4  
-1204.2 -0058.0 0698.8  
-1219.8 0008.2  0700.1  
-1227.7 -0024.8 0699.5  
-1157.4 0024.8  0700.4  
-1056.1 0058.0  0701.1  
-1227.7 -0041.4 0699.1  
-1219.8 0024.8  0700.4  
-1110.6 -0024.8 0699.5  
-1196.4 0024.8  0700.4  
-1204.2 -0024.8 0699.5  
-1165.2 0024.8  0700.4  
-1188.6 0024.8  0700.4  
-1095.0 -0024.8 0699.5  
-1188.6 0008.2  0700.1  
-1188.6 -0024.8 0699.5  
-1157.4 0008.2  0700.1  
-1157.4 0041.4  0700.8  
-1141.8 0024.8  0700.4  
-1087.2 0024.8  0700.4  
-1251.1 -0041.4 0699.1  
-1227.7 0041.4  0700.8  
-1087.2 0008.2  0700.1  
-1180.8 0024.8  0700.4  
-1149.6 0041.4  0700.8  
-1157.4 -0024.8 0699.5  
-1180.8 0041.4  0700.8  
-1173.0 -0024.8 0699.5  
-1219.8 -0008.2 0699.8  
-1196.4 0058.0  0701.1  
-1196.4 -0024.8 0699.5  
-1157.4 0024.8  0700.4  
-1157.4 -0024.8 0699.5  
-1157.4 0041.4  0700.8  
-1227.7 -0041.4 0699.1  
-1219.8 0008.2  0700.1  
-1110.6 0024.8  0700.4  
-1227.7 -0041.4 0699.1  
-1141.8 0024.8  0700.4  
-1204.2 -0024.8 0699.5  
-1165.2 0024.8  0700.4  
-1165.2 0024.8  0700.4  
-1212.0 -0041.4 0699.1  
-1165.2 0024.8  0700.4  
-1298.2 0008.2  0700.1  
-1149.6 0041.4  0700.8  
-1149.6 -0024.8 0699.5  
-1165.2 -0008.2 0699.8  
-1095.0 0058.0  0701.1  
-1126.2 -0024.8 0699.5  
-1204.2 0024.8  0700.4  
-1173.0 -0041.4 0699.1  
-1219.8 0041.4  0700.8  
-1134.0 -0008.2 0699.8  
-1165.2 0008.2  0700.1  
-1095.0 0008.2  0700.1  
-1227.7 -0058.0 0698.8  
-1141.8 0024.8  0700.4  
-1180.8 0024.8  0700.4  
-1204.2 0008.2  0700.1  
-1118.4 0008.2  0700.1  
-1188.6 -0041.4 0699.1  
-1126.2 -0041.4 0699.1  
-1196.4 -0058.0 0698.8  
-1173.0 0008.2  0700.1  
-1126.2 0024.8  0700.4  
-1196.4 0024.8  0700.4  
-1118.4 0041.4  0700.8  
-1056.1 -0058.0 0698.8  
-1298.2 -0008.2 0699.8  
-1235.5 0008.2  0700.1  
-1251.1 -0041.4 0699.1  
-1134.0 0041.4  0700.8  
-1180.8 -0024.8 0699.5  
-1188.6 0024.8  0700.4  
-1196.4 -0041.4 0699.1  
-1196.4 0008.2  0700.1  
-1141.8 -0008.2 0699.8  
-1180.8 -0041.4 0699.1  
-1165.2 0024.8  0700.4  
-1212.0 -0024.8 0699.5  
-1196.4 -0008.2 0699.8  
-1180.8 -0024.8 0699.5  
-1173.0 0008.2  0700.1  
-1110.6 0024.8  0700.4  
-1149.6 -0041.4 0699.1  
-1219.8 -0008.2 0699.8  
-1227.7 -0041.4 0699.1  
-1204.2 0008.2  0700.1  
-1165.2 0008.2  0700.1  
-1173.0 -0041.4 0699.1  
-1118.4 0008.2  0700.1  
-1173.0 -0041.4 0699.1  
-1048.3 -0008.2 0699.8  
-1173.0 -0024.8 0699.5  
-1219.8 0008.2  0700.1  
-1219.8 0024.8  0700.4  
-1063.9 -0041.4 0699.1  
-1196.4 0024.8  0700.4  
-1165.2 -0041.4 0699.1  
-1126.2 -0041.4 0699.1  
-1079.4 -0008.2 0699.8  
-1165.2 -0041.4 0699.1  
-1149.6 0008.2  0700.1  
-1126.2 -0041.4 0699.1  
-1196.4 0008.2  0700.1  
-1165.2 -0008.2 0699.8  
-1149.6 0024.8  0700.4  
-1188.6 0041.4  0700.8  
-1188.6 -0058.0 0698.8  
-1110.6 -0008.2 0699.8  
-1227.7 -0024.8 0699.5  
-1110.6 0024.8  0700.4  
-1118.4 0008.2  0700.1  
-1219.8 0008.2  0700.1  
-1165.2 0024.8  0700.4  
-1235.5 -0041.4 0699.1  
-1134.0 -0008.2 0699.8  
-1243.3 -0041.4 0699.1  
-1071.7 -0008.2 0699.8  
-1118.4 0041.4  0700.8  
-1110.6 -0024.8 0699.5  
-1165.2 0024.8  0700.4  
-1196.4 -0041.4 0699.1  
-1157.4 0008.2  0700.1  
-1204.2 0024.8  0700.4  
-1157.4 -0024.8 0699.5  
-1141.8 0024.8  0700.4  
-1196.4 -0041.4 0699.1  
-1118.4 -0008.2 0699.8  
-1180.8 -0024.8 0699.5  
-1204.2 0008.2  0700.1  
-1126.2 0041.4  0700.8  
-1149.6 -0008.2 0699.8  
-1071.7 0041.4  0700.8  
-1134.0 -0008.2 0699.8  
-1149.6 0008.2  0700.1  
-1212.0 -0008.2 0699.8  
-1196.4 0024.8  0700.4  
-1126.2 0008.2  0700.1  
-1079.4 -0041.4 0699.1  
-1102.8 0008.2  0700.1  
-1227.7 -0024.8 0699.5  
-1204.2 0008.2  0700.1  
-1173.0 0024.8  0700.4  
-1173.0 -0041.4 0699.1  
-1196.4 0008.2  0700.1  
-1134.0 -0074.6 0698.5  
-1188.6 0041.4  0700.8  
-1118.4 0008.2  0700.1  
-1212.0 0008.2  0700.1  
-1087.2 0041.4  0700.8  
-1204.2 0008.2  0700.1  
-1141.8 0008.2  0700.1  
-1079.4 0008.2  0700.1  
-1188.6 0008.2  0700.1  
-1095.0 0008.2  0700.1  
-1102.8 -0024.8 0699.5  
-1126.2 -0008.2 0699.8  
-1149.6 -0024.8 0699.5  
-1180.8 0008.2  0700.1  
-1141.8 0041.4  0700.8  
-1196.4 -0041.4 0699.1  
-1063.9 0008.2  0700.1  
-1212.0 -0008.2 0699.8  
-1149.6 0024.8  0700.4  
-1149.6 -0041.4 0699.1  
-1149.6 -0041.4 0699.1  
-1180.8 0008.2  0700.1  
-1274.6 -0041.4 0699.1  
-1141.8 0041.4  0700.8  
-1212.0 -0041.4 0699.1  
-1243.3 0041.4  0700.8  
-1173.0 0091.2  0701.8  
-1079.4 -1368.1 0672.6  
-1157.4 0124.3  0702.4  
-1173.0 -1351.5 0672.9  
-1188.6 0107.7  0702.1  
-1118.4 -1334.9 0673.3  
-1157.4 0008.2  0700.1  
-1063.9 -0008.2 0699.8  
-1196.4 -0058.0 0698.8  
-1173.0 0024.8  0700.4  
-1165.2 0024.8  0700.4  
-1274.6 -0008.2 0699.8  
-1212.0 -0058.0 0698.8  
-1173.0 0008.2  0700.1  
-1149.6 0024.8  0700.4  
-1180.8 -0024.8 0699.5  
-1173.0 0024.8  0700.4  
-1235.5 -0024.8 0699.5  
-1165.2 0024.8  0700.4  
-1126.2 -0008.2 0699.8  
-1102.8 -0041.4 0699.1  
-1009.5 0008.2  0700.1  
-1188.6 -0024.8 0699.5  
-1157.4 0024.8  0700.4  
-1173.0 0024.8  0700.4  
-1157.4 -0008.2 0699.8  
-1188.6 -0008.2 0699.8  
-1173.0 -0058.0 0698.8  
-1196.4 0024.8  0700.4  
-1196.4 -0024.8 0699.5  
-1219.8 0024.8  0700.4  
-1219.8 0024.8  0700.4  
-1149.6 0024.8  0700.4  
-1188.6 0024.8  0700.4  
-1266.8 -0041.4 0699.1  
-1196.4 0008.2  0700.1  
-1118.4 0024.8  0700.4  
-1196.4 0008.2  0700.1  
-1126.2 0008.2  0700.1  
-1180.8 -0008.2 0699.8  
-1219.8 0041.4  0700.8  
-1102.8 -0041.4 0699.1  
-1141.8 0024.8  0700.4  
-1095.0 0024.8  0700.4  
-1219.8 -0024.8 0699.5  
-1095.0 0008.2  0700.1  
-1204.2 -0041.4 0699.1  
-1196.4 0024.8  0700.4  
-1243.3 0024.8  0700.4  
-1243.3 -0008.2 0699.8  
-1157.4 0041.4  0700.8  
-1110.6 -0041.4 0699.1  
-1126.2 0024.8  0700.4  
-1204.2 -0041.4 0699.1  
-1141.8 0024.8  0700.4  
-1102.8 0041.4  0700.8  
-1188.6 -0058.0 0698.8  
-1134.0 0008.2  0700.1  
-1165.2 -0058.0 0698.8  
-1204.2 0008.2  0700.1  
-1149.6 -0024.8 0699.5  
-1733.8 0008.2  0700.1  
-1235.5 0008.2  0700.1  
-1830.1 -0058.0 0698.8  
-1212.0 -0008.2 0699.8  
-1781.9 -0041.4 0699.1  
-1235.5 0024.8  0700.4  
-1118.4 0008.2  0700.1  
-1180.8 -0024.8 0699.5  
-1095.0 0024.8  0700.4  
-1188.6 -0024.8 0699.5  
-1126.2 0024.8  0700.4  
-1134.0 -0008.2 0699.8  
-1227.7 -0041.4 0699.1  
-1149.6 0024.8  0700.4  
-1126.2 -0041.4 0699.1  
-1095.0 0024.8  0700.4  
-1173.0 -0041.4 0699.1  
-1196.4 0008.2  0700.1  
-1212.0 0024.8  0700.4  
-1157.4 -0024.8 0699.5  
-1188.6 -0024.8 0699.5  
-1173.0 -0041.4 0699.1  
-1188.6 0041.4  0700.8  
-1219.8 0024.8  0700.4  
-1298.2 -0041.4 0699.1  
-1204.2 0008.2  0700.1  
-1063.9 -0024.8 0699.5  
-1126.2 0008.2  0700.1  
-1165.2 -0041.4 0699.1  
-1180.8 0008.2  0700.1  
-1134.0 0008.2  0700.1  
-1056.1 -0024.8 0699.5  
-1219.8 0008.2  0700.1  
-1165.2 -0041.4 0699.1  
-1196.4 -0008.2 0699.8  
-1173.0 0008.2  0700.1  
-1087.2 -0041.4 0699.1  
-1188.6 -0008.2 0699.8  
-1110.6 -0024.8 0699.5  
-1118.4 0008.2  0700.1  
-1204.2 -0041.4 0699.1  
-1173.0 0024.8  0700.4  
-1188.6 -0008.2 0699.8  
-1196.4 -0024.8 0699.5  
-1188.6 0024.8  0700.4  
-1063.9 -0041.4 0699.1  
-1165.2 -0008.2 0699.8  
-1141.8 0041.4  0700.8  
-1173.0 0024.8  0700.4  
-1134.0 0041.4  0700.8  
-1110.6 -0024.8 0699.5  
-1110.6 0024.8  0700.4  
-1180.8 -0008.2 0699.8  
-1157.4 0024.8  0700.4  
-1134.0 0024.8  0700.4  
-1227.7 0024.8  0700.4  
-1126.2 0041.4  0700.8  
-1134.0 -0024.8 0699.5  
-1102.8 -0008.2 0699.8  
-1102.8 -0008.2 0699.8  
-1243.3 0041.4  0700.8  
-1134.0 0008.2  0700.1  
-1118.4 -0041.4 0699.1  
-1188.6 0024.8  0700.4  
-1188.6 -0024.8 0699.5  
-1118.4 0024.8  0700.4  
-1134.0 0024.8  0700.4  
-1219.8 0024.8  0700.4  
-1157.4 -0008.2 0699.8  
-1134.0 -0041.4 0699.1  
-1157.4 0024.8  0700.4  
-1188.6 0008.2  0700.1  
-1141.8 -0024.8 0699.5  
-1095.0 0024.8  0700.4  
-1149.6 -0024.8 0699.5  
-1149.6 0041.4  0700.8  
-1134.0 -0024.8 0699.5  
-1180.8 0008.2  0700.1  
-1157.4 0008.2  0700.1  
-1173.0 -0024.8 0699.5  
-1196.4 0008.2  0700.1  
-1118.4 -0008.2 0699.8  
-1219.8 0008.2  0700.1  
-1149.6 -0008.2 0699.8  
-1227.7 0041.4  0700.8  
-1079.4 0024.8  0700.4  
-1126.2 -0041.4 0699.1  
-1110.6 0041.4  0700.8  
-1149.6 -0058.0 0698.8  
-1196.4 0041.4  0700.8  
-1118.4 0074.6  0701.4  
-1251.1 -0058.0 0698.8  
-1134.0 0024.8  0700.4  
-1095.0 -0024.8 0699.5  
-1204.2 0024.8  0700.4  
-1227.7 -0058.0 0698.8  
-1165.2 0024.8  0700.4  
-1149.6 0024.8  0700.4  
-1102.8 -0041.4 0699.1  
-1188.6 0041.4  0700.8  
-1157.4 0024.8  0700.4  
-1180.8 0041.4  0700.8  
-1095.0 0024.8  0700.4  
-1219.8 -0024.8 0699.5  
-1165.2 0024.8  0700.4  
-1134.0 -0008.2 0699.8  
-1095.0 0024.8  0700.4  
-1204.2 0008.2  0700.1  
-1188.6 0041.4  0700.8  
-1134.0 0008.2  0700.1  
-1165.2 -0041.4 0699.1  
-1141.8 0024.8  0700.4  
-1212.0 -0024.8 0699.5  
-1165.2 0024.8  0700.4  
-1173.0 0008.2  0700.1  
-1188.6 -0024.8 0699.5  
-1173.0 0024.8  0700.4  
-1134.0 -0008.2 0699.8  
-1212.0 0024.8  0700.4  
-1157.4 0024.8  0700.4  
-1157.4 -0024.8 0699.5  
-1212.0 0024.8  0700.4  
-1173.0 -0041.4 0699.1  
-1126.2 0024.8  0700.4  
-1157.4 -0008.2 0699.8  
-1173.0 0008.2  0700.1  
-1212.0 0024.8  0700.4  
-1196.4 -0024.8 0699.5  
-1180.8 0024.8  0700.4  
-1141.8 -0024.8 0699.5  
-1227.7 0024.8  0700.4  
-1188.6 0041.4  0700.8  
-1165.2 -0058.0 0698.8  
-1134.0 -0008.2 0699.8  
-1157.4 -0024.8 0699.5  
-1180.8 0024.8  0700.4  
-1110.6 -0008.2 0699.8  
-1157.4 0024.8  0700.4  
-1056.1 0041.4  0700.8  
-1282.5 -0041.4 0699.1  
-1180.8 0041.4  0700.8  
-1219.8 -0008.2 0699.8  
-1173.0 0024.8  0700.4  
-1196.4 0024.8  0700.4  
-1227.7 0041.4  0700.8  
-1188.6 0024.8  0700.4  
-1227.7 -0024.8 0699.5  
-1157.4 -0008.2 0699.8  
-1188.6 -0058.0 0698.8  
-1212.0 0024.8  0700.4  
-1196.4 0008.2  0700.1  
-1173.0 0024.8  0700.4  
-1165.2 0024.8  0700.4  
-1188.6 -0024.8 0699.5  
-1173.0 0024.8  0700.4  
-1165.2 0024.8  0700.4  
-1165.2 -0008.2 0699.8  
-1149.6 0008.2  0700.1  
-1188.6 -0024.8 0699.5  
-1110.6 0008.2  0700.1  
-1141.8 -0024.8 0699.5  
-1188.6 0008.2  0700.1  
-1173.0 0008.2  0700.1  
-1173.0 -0024.8 0699.5  
-1040.6 0041.4  0700.8  
-1235.5 -0024.8 0699.5  
-1212.0 0024.8  0700.4  
-1134.0 0008.2  0700.1  
-1149.6 -0024.8 0699.5  
-1180.8 0058.0  0701.1  
-1204.2 -0058.0 0698.8  
-1157.4 0041.4  0700.8  
-1165.2 -0041.4 0699.1  
-1204.2 0024.8  0700.4  
-1126.2 0008.2  0700.1  
-1235.5 -0024.8 0699.5  
-1235.5 0024.8  0700.4  
-1157.4 -0024.8 0699.5  
-1149.6 0041.4  0700.8  
-1227.7 -0041.4 0699.1  
-1165.2 0008.2  0700.1  
-1204.2 0008.2  0700.1  
-1180.8 -0041.4 0699.1  
-1157.4 0024.8  0700.4  
-1157.4 0041.4  0700.8  
-1219.8 0041.4  0700.8  
-1017.3 0024.8  0700.4  
-1134.0 -0008.2 0699.8  
-1110.6 -0008.2 0699.8  
-1157.4 -0008.2 0699.8  
-1188.6 0024.8  0700.4  
-1165.2 0024.8  0700.4  
-1196.4 0074.6  0701.4  
-1126.2 0024.8  0700.4  
-1180.8 -0041.4 0699.1  
-1235.5 0008.2  0700.1  
-1095.0 -0041.4 0699.1  
-1134.0 0008.2  0700.1  
-1188.6 0024.8  0700.4  
-1157.4 -0024.8 0699.5  
-1149.6 0024.8  0700.4  
-1141.8 -0024.8 0699.5  
-1196.4 1169.1  0723.3  
-1165.2 0008.2  0700.1  
-1165.2 -0058.0 0698.8  
-1196.4 0058.0  0701.1  
-1141.8 -0024.8 0699.5  
-1180.8 0008.2  0700.1  
-1196.4 -0024.8 0699.5  
-1165.2 -0008.2 0699.8  
-1188.6 0024.8  0700.4  
-1087.2 -0024.8 0699.5  
-1188.6 0024.8  0700.4  
-1227.7 -0008.2 0699.8  
-1219.8 0024.8  0700.4  
-1219.8 0074.6  0701.4  
-1212.0 -0024.8 0699.5  
-1087.2 0041.4  0700.8  
-1204.2 -0024.8 0699.5  
-1188.6 0058.0  0701.1  
-1204.2 -0008.2 0699.8  
-1079.4 0041.4  0700.8  
-1157.4 0008.2  0700.1  
-1219.8 -0058.0 0698.8  
-1157.4 0024.8  0700.4  
-1212.0 -0024.8 0699.5  
-1212.0 -0008.2 0699.8  
-1048.3 0024.8  0700.4  
-1134.0 -0008.2 0699.8  
-1134.0 0041.4  0700.8  
-1219.8 -0041.4 0699.1  
-1157.4 0008.2  0700.1  
-1134.0 -0008.2 0699.8  
-1157.4 0024.8  0700.4  
-1110.6 0074.6  0701.4  
-1141.8 -0058.0 0698.8  
-1157.4 0008.2  0700.1  
-1204.2 -0058.0 0698.8  
-1141.8 0024.8  0700.4  
-1157.4 0024.8  0700.4  
-1141.8 -0024.8 0699.5  
-1095.0 0024.8  0700.4  
-1165.2 -0024.8 0699.5  
-1227.7 0024.8  0700.4  
-1141.8 -0058.0 0698.8  
-1095.0 -0024.8 0699.5  
-1173.0 0024.8  0700.4  
-1212.0 -0041.4 0699.1  
-1165.2 0024.8  0700.4  
-1157.4 -0041.4 0699.1  
-1157.4 0008.2  0700.1  
-1071.7 0024.8  0700.4  
-1118.4 -0008.2 0699.8  
-1196.4 0041.4  0700.8  
-1157.4 -0041.4 0699.1  
-1188.6 0024.8  0700.4  
-1180.8 -0058.0 0698.8  
-1266.8 0024.8  0700.4  
-1141.8 0024.8  0700.4  
-1149.6 -0024.8 0699.5  
-1180.8 0008.2  0700.1  
-1149.6 -0024.8 0699.5  
-1180.8 0008.2  0700.1  
-1110.6 0008.2  0700.1  
-1196.4 0024.8  0700.4  
-1157.4 0041.4  0700.8  
-1173.0 0008.2  0700.1  
-1180.8 0008.2  0700.1  
-1188.6 -0074.6 0698.5  
-1188.6 0024.8  0700.4  
-1141.8 0041.4  0700.8  
-1180.8 -0024.8 0699.5  
-1196.4 0024.8  0700.4  
-1141.8 -0024.8 0699.5  
-1165.2 0024.8  0700.4  
-1032.8 0008.2  0700.1  
-1180.8 -0008.2 0699.8  
-1141.8 0058.0  0701.1  
-1196.4 -0024.8 0699.5  
-1173.0 0041.4  0700.8  
-1243.3 0024.8  0700.4  
-1180.8 -0024.8 0699.5  
-1266.8 0058.0  0701.1  
-1134.0 -0058.0 0698.8  
-1087.2 0041.4  0700.8  
-1118.4 0008.2  0700.1  
-1157.4 0024.8  0700.4  
-1173.0 0008.2  0700.1  
-1134.0 -0024.8 0699.5  
-1079.4 0041.4  0700.8  
-1134.0 -0024.8 0699.5  
-1118.4 -0008.2 0699.8  
-1173.0 -0024.8 0699.5  
-1071.7 -0008.2 0699.8  
-1134.0 0058.0  0701.1  
-1110.6 -0041.4 0699.1  
-1079.4 0024.8  0700.4  
-1165.2 -0041.4 0699.1  
-1149.6 0041.4  0700.8  
-1079.4 0008.2  0700.1  
-1196.4 -0041.4 0699.1  
-1149.6 0041.4  0700.8  
-1149.6 -0041.4 0699.1  
-1141.8 0024.8  0700.4  
-1212.0 -0024.8 0699.5  
-1188.6 0024.8  0700.4  
-1095.0 -0041.4 0699.1  
-1126.2 -0074.6 0698.5  
-1165.2 -0140.9 0697.1  
-1204.2 -0041.4 0699.1  
-1157.4 -0124.3 0697.5  
-1212.0 0024.8  0700.4  
-1196.4 -0024.8 0699.5  
-1196.4 0041.4  0700.8  
-1165.2 -0024.8 0699.5  
-1180.8 0041.4  0700.8  
-1243.3 -0058.0 0698.8  
-1219.8 0008.2  0700.1  
-1180.8 0024.8  0700.4  
-1134.0 -0008.2 0699.8  
-1157.4 0008.2  0700.1  
-1251.1 -0024.8 0699.5  
-1141.8 0024.8  0700.4  
-1149.6 0008.2  0700.1  
-1149.6 0024.8  0700.4  
-1118.4 0041.4  0700.8  
-1165.2 -0024.8 0699.5  
-1149.6 0024.8  0700.4  
-1126.2 -0058.0 0698.8  
-1180.8 0024.8  0700.4  
-1157.4 0041.4  0700.8  
-1126.2 -0024.8 0699.5  
-1102.8 0041.4  0700.8  
-1141.8 -0008.2 0699.8  
-1212.0 0008.2  0700.1  
-1095.0 0058.0  0701.1  
-1165.2 0008.2  0700.1  
-1204.2 0024.8  0700.4  
-1165.2 -0058.0 0698.8  
-1188.6 -0008.2 0699.8  
-1188.6 -0024.8 0699.5  
-1180.8 0024.8  0700.4  
-1110.6 0024.8  0700.4  
-1235.5 -0024.8 0699.5  
-1165.2 0024.8  0700.4  
-1243.3 -0041.4 0699.1  
-1180.8 0041.4  0700.8  
-1110.6 0024.8  0700.4  
-1227.7 0041.4  0700.8  
-1102.8 0008.2  0700.1  
-1157.4 -0041.4 0699.1  
-1173.0 0041.4  0700.8  
-1165.2 -0041.4 0699.1  
-1126.2 0024.8  0700.4  
-1118.4 0008.2  0700.1  
-1173.0 -0041.4 0699.1  
-1188.6 -0008.2 0699.8  
-1102.8 -0041.4 0699.1  
-1196.4 0008.2  0700.1  
-1157.4 -0024.8 0699.5  
-1165.2 -0008.2 0699.8  
-1165.2 0008.2  0700.1  
-1290.3 -0024.8 0699.5  
-1134.0 0024.8  0700.4  
-1227.7 -0008.2 0699.8  
-1212.0 0024.8  0700.4  
-1087.2 0024.8  0700.4  
-1173.0 -0008.2 0699.8  
-1165.2 0058.0  0701.1  
-1141.8 -0024.8 0699.5  
-1165.2 0024.8  0700.4  
-1110.6 0024.8  0700.4  
-1173.0 -0008.2 0699.8  
-1149.6 0074.6  0701.4  
-1227.7 -0058.0 0698.8  
-1157.4 0024.8  0700.4  
-1102.8 -0041.4 0699.1  
-1259.0 -0041.4 0699.1  
-1188.6 0058.0  0701.1  
-1141.8 -0041.4 0699.1  
-1079.4 0041.4  0700.8  
-1165.2 -0024.8 0699.5  
-1149.6 0024.8  0700.4  
-1165.2 0024.8  0700.4  
-1212.0 -0058.0 0698.8  
-1056.1 0041.4  0700.8  
-1165.2 -0041.4 0699.1  
-1157.4 0041.4  0700.8  
-1095.0 -0041.4 0699.1  
-1212.0 -0008.2 0699.8  
-1173.0 0024.8  0700.4  
-1219.8 -0024.8 0699.5  
-1149.6 0024.8  0700.4  
-1188.6 -0008.2 0699.8  
-1196.4 0024.8  0700.4  
-1165.2 0024.8  0700.4  
-1087.2 -0024.8 0699.5  
-1219.8 -0008.2 0699.8  
-1180.8 -0041.4 0699.1  
-1188.6 0041.4  0700.8  
-1126.2 -0024.8 0699.5  
-1157.4 0024.8  0700.4  
-1025.0 0008.2  0700.1  
-1165.2 -0024.8 0699.5  
-1079.4 0024.8  0700.4  
-1118.4 -0024.8 0699.5  
-1243.3 0041.4  0700.8  
-1180.8 -0024.8 0699.5  
-1165.2 0024.8  0700.4  
-1126.2 0041.4  0700.8  
-1180.8 -0008.2 0699.8  
-1180.8 0041.4  0700.8  
-1165.2 -0041.4 0699.1  
-1095.0 0041.4  0700.8  
-1173.0 0041.4  0700.8  
-1157.4 0008.2  0700.1  
-1227.7 0024.8  0700.4  
-1204.2 -0024.8 0699.5  
-1173.0 0024.8  0700.4  
-1188.6 0024.8  0700.4  
-1188.6 0008.2  0700.1  
-1149.6 0041.4  0700.8  
-1141.8 -0024.8 0699.5  
-1149.6 0024.8  0700.4  
-1141.8 0024.8  0700.4  
-1227.7 0008.2  0700.1  
-1180.8 0024.8  0700.4  
-1102.8 0024.8  0700.4  
-1149.6 0041.4  0700.8  
-1173.0 -0024.8 0699.5  
-1157.4 0024.8  0700.4  
-1196.4 0024.8  0700.4  
-1134.0 -0024.8 0699.5  
-1079.4 0041.4  0700.8  
-1110.6 -0058.0 0698.8  
-1040.6 0008.2  0700.1  
-1188.6 -0024.8 0699.5  
-1165.2 0008.2  0700.1  
-1141.8 0074.6  0701.4  
-1157.4 -0058.0 0698.8  
-1173.0 0024.8  0700.4  
-1227.7 -0024.8 0699.5  
-1063.9 0008.2  0700.1  
-1087.2 -0024.8 0699.5  
-1196.4 0008.2  0700.1  
-1141.8 0024.8  0700.4  
-1204.2 -0024.8 0699.5  
-1204.2 0008.2  0700.1  
-1102.8 -0008.2 0699.8  
-1118.4 0024.8  0700.4  
-1204.2 0041.4  0700.8  
-1149.6 -0058.0 0698.8  
-1266.8 0008.2  0700.1  
-1141.8 -0008.2 0699.8  
-1282.5 0024.8  0700.4  
-1165.2 0024.8  0700.4  
-1102.8 -0041.4 0699.1  
-1110.6 0041.4  0700.8  
-1243.3 -0058.0 0698.8  
-1157.4 0041.4  0700.8  
-1032.8 0041.4  0700.8  
-1141.8 -0008.2 0699.8  
-1079.4 0041.4  0700.8  
-1227.7 -0024.8 0699.5  
-1126.2 0008.2  0700.1  
-1173.0 -0058.0 0698.8  
-1251.1 0041.4  0700.8  
-1095.0 0041.4  0700.8  
-1040.6 -0024.8 0699.5  
-1157.4 0024.8  0700.4  
-1173.0 -0024.8 0699.5  
-1188.6 0041.4  0700.8  
-1165.2 -0024.8 0699.5  
-1110.6 0008.2  0700.1  
-1102.8 0041.4  0700.8  
-1079.4 0008.2  0700.1  
-1056.1 0041.4  0700.8  
-1110.6 -0074.6 0698.5  
-1251.1 0008.2  0700.1  
-1102.8 0024.8  0700.4  
-1227.7 -0041.4 0699.1  
-1102.8 0041.4  0700.8  
-1118.4 -0024.8 0699.5  
-1110.6 0041.4  0700.8  
-1274.6 -0024.8 0699.5  
-1180.8 0024.8  0700.4  
-1063.9 0041.4  0700.8  
-1212.0 -0024.8 0699.5  
-1157.4 0024.8  0700.4  
-1188.6 -0024.8 0699.5  
-1157.4 -0008.2 0699.8  
-1165.2 0024.8  0700.4  
-1157.4 -0058.0 0698.8  
-1157.4 0024.8  0700.4  
-1219.8 -0008.2 0699.8  
-1188.6 0008.2  0700.1  
-1266.8 -0008.2 0699.8  
-1180.8 0008.2  0700.1  
-1196.4 0041.4  0700.8  
-1110.6 0008.2  0700.1  
-1134.0 0024.8  0700.4  
-1290.3 -0008.2 0699.8  
-1157.4 0024.8  0700.4  
-1126.2 0074.6  0701.4  
-1227.7 0041.4  0700.8  
-1134.0 0008.2  0700.1  
-1227.7 -0058.0 0698.8  
-1235.5 0041.4  0700.8  
-1149.6 0024.8  0700.4  
-1165.2 0041.4  0700.8  
-1180.8 0024.8  0700.4  
-1227.7 0008.2  0700.1  
-1141.8 0008.2  0700.1  
-1102.8 -0008.2 0699.8  
-1180.8 0008.2  0700.1  
-1173.0 0058.0  0701.1  
-1204.2 -0008.2 0699.8  
-1165.2 0058.0  0701.1  
-1157.4 -0041.4 0699.1  
-1157.4 0008.2  0700.1  
-1188.6 -0024.8 0699.5  
-1141.8 0024.8  0700.4  
-1173.0 0058.0  0701.1  
-1110.6 -0041.4 0699.1  
-1032.8 0024.8  0700.4  
-1173.0 -0008.2 0699.8  
-1157.4 0041.4  0700.8  
-1141.8 0008.2  0700.1  
-1141.8 -0008.2 0699.8  
-1180.8 0024.8  0700.4  
-1149.6 -0041.4 0699.1  
-1259.0 0024.8  0700.4  
-1180.8 -0041.4 0699.1  
-1118.4 -0008.2 0699.8  
-1126.2 0024.8  0700.4  
-1219.8 -0024.8 0699.5  
-1196.4 0024.8  0700.4  
-1134.0 -0041.4 0699.1  
-1196.4 0008.2  0700.1  
-1180.8 -0008.2 0699.8  
-1212.0 0008.2  0700.1  
-1212.0 0041.4  0700.8  
-1204.2 -0024.8 0699.5  
-1219.8 0024.8  0700.4  
-1157.4 0024.8  0700.4  
-1149.6 0008.2  0700.1  
-1079.4 -0008.2 0699.8  
-1157.4 -0041.4 0699.1  
-1204.2 0024.8  0700.4  
-1157.4 -0008.2 0699.8  
-1157.4 0008.2  0700.1  
-1134.0 0024.8  0700.4  
-1165.2 0024.8  0700.4  
-1149.6 0041.4  0700.8  
-1110.6 -0024.8 0699.5  
-1188.6 0008.2  0700.1  
-1079.4 0058.0  0701.1  
-1110.6 0041.4  0700.8  
-1165.2 0041.4  0700.8  
-1204.2 -0041.4 0699.1  
-1196.4 0024.8  0700.4  
-1204.2 -0024.8 0699.5  
-1235.5 0024.8  0700.4  
-1173.0 0058.0  0701.1  
-1227.7 -0008.2 0699.8  
-1157.4 0041.4  0700.8  
-1180.8 -0041.4 0699.1  
-1087.2 0041.4  0700.8  
-1196.4 -0024.8 0699.5  
-1173.0 0008.2  0700.1  
-1126.2 0041.4  0700.8  
-1227.7 -0041.4 0699.1  
-1282.5 0008.2  0700.1  
-1141.8 -0024.8 0699.5  
-1188.6 0024.8  0700.4  
-1141.8 0041.4  0700.8  
-1071.7 -0024.8 0699.5  
-1173.0 0041.4  0700.8  
-1141.8 -0024.8 0699.5  
-1212.0 -0008.2 0699.8  
-1196.4 -0058.0 0698.8  
-1126.2 0024.8  0700.4  
-1118.4 0058.0  0701.1  
-1188.6 -0058.0 0698.8  
-1118.4 0041.4  0700.8  
-1212.0 -0024.8 0699.5  
-1173.0 0008.2  0700.1  
-1118.4 -0008.2 0699.8  
-1110.6 -0041.4 0699.1  
-1056.1 0041.4  0700.8  
-1219.8 -0024.8 0699.5  
-1204.2 0024.8  0700.4  
-1188.6 -0024.8 0699.5  
-1180.8 0024.8  0700.4  
-1219.8 0041.4  0700.8  
-1134.0 -0024.8 0699.5  
-1134.0 0041.4  0700.8  
-1165.2 -0024.8 0699.5  
-1118.4 0041.4  0700.8  
-1251.1 0024.8  0700.4  
-1141.8 -0008.2 0699.8  
-1141.8 0024.8  0700.4  
-1149.6 -0024.8 0699.5  
-1196.4 0024.8  0700.4  
-1227.7 -0024.8 0699.5  
-1235.5 0041.4  0700.8  
-1141.8 0041.4  0700.8  
-1212.0 -0008.2 0699.8  
-1126.2 0024.8  0700.4  
-1141.8 -0024.8 0699.5  
-1196.4 0058.0  0701.1  
-1110.6 0008.2  0700.1  
-1251.1 -0024.8 0699.5  
-1118.4 0024.8  0700.4  
-1180.8 -0008.2 0699.8  
-1056.1 0024.8  0700.4  
-1141.8 -0024.8 0699.5  
-1173.0 0008.2  0700.1  
-1126.2 0041.4  0700.8  
-1204.2 -0024.8 0699.5  
-1095.0 0041.4  0700.8  
-1204.2 -0041.4 0699.1  
-1126.2 0008.2  0700.1  
-1188.6 0024.8  0700.4  
-1165.2 0024.8  0700.4  
-1196.4 0024.8  0700.4  
-1173.0 -0008.2 0699.8  
-1157.4 -0024.8 0699.5  
-1188.6 -0041.4 0699.1  
-1290.3 0008.2  0700.1  
-1196.4 0008.2  0700.1  
-1188.6 -0024.8 0699.5  
-1149.6 0008.2  0700.1  
-1196.4 -0008.2 0699.8  
-1173.0 0058.0  0701.1  
-1196.4 0041.4  0700.8  
-1188.6 0024.8  0700.4  
-1165.2 0058.0  0701.1  
-1165.2 -0024.8 0699.5  
-1110.6 0008.2  0700.1  
-1149.6 0024.8  0700.4  
-1251.1 -0024.8 0699.5  
-1017.3 0058.0  0701.1  
-1095.0 -0041.4 0699.1  
-1219.8 0041.4  0700.8  
-1102.8 -0008.2 0699.8  
-1204.2 0024.8  0700.4  
-1235.5 0041.4  0700.8  
-1126.2 -0041.4 0699.1  
-1071.7 0041.4  0700.8  
-1196.4 -0041.4 0699.1  
-1095.0 0024.8  0700.4  
-1087.2 -0058.0 0698.8  
-1126.2 -0041.4 0699.1  
-1087.2 0008.2  0700.1  
-1165.2 -0024.8 0699.5  
-1149.6 0041.4  0700.8  
-1251.1 -0041.4 0699.1  
-1157.4 0024.8  0700.4  
-1110.6 0041.4  0700.8  
-1134.0 -0008.2 0699.8  
-1173.0 0024.8  0700.4  
-1196.4 -0041.4 0699.1  
-1196.4 0008.2  0700.1  
-1157.4 -0024.8 0699.5  
-1259.0 0024.8  0700.4  
-1180.8 0041.4  0700.8  
-1180.8 -0058.0 0698.8  
-1173.0 0008.2  0700.1  
-1196.4 -0041.4 0699.1  
-1165.2 0041.4  0700.8  
-1126.2 0024.8  0700.4  
-1102.8 -0024.8 0699.5  
-1165.2 0041.4  0700.8  
-1157.4 -0024.8 0699.5  
-1141.8 0041.4  0700.8  
-1141.8 -0041.4 0699.1  
-1173.0 0008.2  0700.1  
-1173.0 0041.4  0700.8  
-1259.0 -0024.8 0699.5  
-1180.8 0024.8  0700.4  
-1243.3 -0041.4 0699.1  
-1157.4 -0008.2 0699.8  
-1173.0 -0041.4 0699.1  
-1134.0 0041.4  0700.8  
-1188.6 0024.8  0700.4  
-1188.6 -0008.2 0699.8  
-1196.4 0008.2  0700.1  
-1212.0 -0024.8 0699.5  
-1274.6 0024.8  0700.4  
-1032.8 0024.8  0700.4  
-1173.0 -0008.2 0699.8  
-1266.8 0041.4  0700.8  
-1134.0 -0024.8 0699.5  
-1126.2 -0008.2 0699.8  
-1134.0 0024.8  0700.4  
-1126.2 -0024.8 0699.5  
-1110.6 0041.4  0700.8  
-1235.5 -0024.8 0699.5  
-1298.2 0008.2  0700.1  
-1118.4 -0024.8 0699.5  
-1149.6 0041.4  0700.8  
-1134.0 0024.8  0700.4  
-1165.2 -0024.8 0699.5  
-1173.0 0041.4  0700.8  
-1227.7 -0024.8 0699.5  
-1087.2 0008.2  0700.1  
-1188.6 -0008.2 0699.8  
-1204.2 -0058.0 0698.8  
-1173.0 0041.4  0700.8  
-1149.6 -0024.8 0699.5  
-1165.2 0041.4  0700.8  
-1219.8 -0024.8 0699.5  
-1173.0 0024.8  0700.4  
-1212.0 0041.4  0700.8  
-1165.2 -0041.4 0699.1  
-1126.2 0074.6  0701.4  
-1165.2 -0024.8 0699.5  
-1188.6 0041.4  0700.8  
-1227.7 -0024.8 0699.5  
-1149.6 -0041.4 0699.1  
-1180.8 0041.4  0700.8  
-1188.6 -0024.8 0699.5  
-1188.6 0024.8  0700.4  
-1157.4 -0024.8 0699.5  
-1188.6 0024.8  0700.4  
-1087.2 0058.0  0701.1  
-1157.4 -0024.8 0699.5  
-1235.5 0024.8  0700.4  
-1204.2 -0024.8 0699.5  
-1188.6 0008.2  0700.1  
-1040.6 0008.2  0700.1  
-1274.6 -0008.2 0699.8  
-1165.2 0041.4  0700.8  
-1165.2 -0024.8 0699.5  
-1188.6 0041.4  0700.8  
-1196.4 -0024.8 0699.5  
-1173.0 0008.2  0700.1  
-1165.2 0041.4  0700.8  
-1219.8 -0008.2 0699.8  
-1149.6 0091.2  0701.8  
-1134.0 -0058.0 0698.8  
-1149.6 0008.2  0700.1  
-1157.4 0024.8  0700.4  
-1157.4 -0024.8 0699.5  
-1188.6 0041.4  0700.8  
-1180.8 -0041.4 0699.1  
-1212.0 0024.8  0700.4  
-1180.8 -0041.4 0699.1  
-1204.2 -0008.2 0699.8  
-1173.0 0024.8  0700.4  
-1095.0 -0024.8 0699.5  
-1110.6 0024.8  0700.4  
-1219.8 -0024.8 0699.5  
-1134.0 0008.2  0700.1  
-1180.8 0041.4  0700.8  
-1180.8 -0024.8 0699.5  
-1118.4 -0008.2 0699.8  
-1204.2 -0008.2 0699.8  
-1204.2 0024.8  0700.4  
-1204.2 -0008.2 0699.8  
-1134.0 0008.2  0700.1  
-1173.0 0024.8  0700.4  
-1056.1 -0041.4 0699.1  
-1126.2 0024.8  0700.4  
-1227.7 -0024.8 0699.5  
-1235.5 0024.8  0700.4  
-1126.2 0041.4  0700.8  
-1235.5 0008.2  0700.1  
-1079.4 0024.8  0700.4  
-1110.6 -0024.8 0699.5  
-1196.4 0024.8  0700.4  
-1180.8 0041.4  0700.8  
-1227.7 -0008.2 0699.8  
-1063.9 0024.8  0700.4  
-1157.4 0008.2  0700.1  
-1196.4 0024.8  0700.4  
-1157.4 -0024.8 0699.5  
-1126.2 -0024.8 0699.5  
-1141.8 0058.0  0701.1  
-1282.5 0024.8  0700.4  
-1188.6 0024.8  0700.4  
-1188.6 -0041.4 0699.1  
-1266.8 0024.8  0700.4  
-1196.4 -0024.8 0699.5  
-1157.4 -0008.2 0699.8  
-1040.6 0041.4  0700.8  
-1196.4 -0024.8 0699.5  
-1188.6 0008.2  0700.1  
-1165.2 -0041.4 0699.1  
-1157.4 0024.8  0700.4  
-1126.2 0024.8  0700.4  
-1110.6 -0008.2 0699.8  
-1180.8 0041.4  0700.8  
-1063.9 -0041.4 0699.1  
-1212.0 0041.4  0700.8  
-1227.7 -0024.8 0699.5  
-1141.8 0008.2  0700.1  
-1110.6 0041.4  0700.8  
-1141.8 -0024.8 0699.5  
-1212.0 0041.4  0700.8  
-1126.2 -0041.4 0699.1  
-1141.8 0008.2  0700.1  
-1110.6 -0024.8 0699.5  
-1165.2 0008.2  0700.1  
-1173.0 0024.8  0700.4  
-1102.8 -0024.8 0699.5  
-1188.6 0024.8  0700.4  
-1165.2 -0041.4 0699.1  
-1173.0 0024.8  0700.4  
-1259.0 0024.8  0700.4  
-1173.0 -0024.8 0699.5  
-1141.8 0008.2  0700.1  
-1149.6 -0024.8 0699.5  
-1056.1 0041.4  0700.8  
-1157.4 -0058.0 0698.8  
-1235.5 -0008.2 0699.8  
-1227.7 0024.8  0700.4  
-1235.5 -0074.6 0698.5  
-1251.1 0024.8  0700.4  
-1173.0 0041.4  0700.8  
-1219.8 0024.8  0700.4  
-1118.4 0041.4  0700.8  
-1141.8 -0041.4 0699.1  
-1134.0 0024.8  0700.4  
-1274.6 -0041.4 0699.1  
-1219.8 0008.2  0700.1  
-1071.7 0074.6  0701.4  
-1141.8 -0041.4 0699.1  
-1102.8 0008.2  0700.1  
-1212.0 -0041.4 0699.1  
-1235.5 0041.4  0700.8  
-1204.2 0008.2  0700.1  
-1212.0 0008.2  0700.1  
-1204.2 0041.4  0700.8  
-1134.0 -0024.8 0699.5  
-1196.4 0024.8  0700.4  
-1188.6 -0041.4 0699.1  
-1196.4 0008.2  0700.1  
-1134.0 0024.8  0700.4  
-1157.4 -0024.8 0699.5  
-1149.6 0024.8  0700.4  
-1274.6 -0041.4 0699.1  
-1196.4 0041.4  0700.8  
-1173.0 -0024.8 0699.5  
-1219.8 0008.2  0700.1  
-1180.8 0058.0  0701.1  
-1118.4 -0024.8 0699.5  
-1173.0 0024.8  0700.4  
-1126.2 -0024.8 0699.5  
-1196.4 0024.8  0700.4  
-1157.4 0024.8  0700.4  
-1227.7 -0041.4 0699.1  
-1056.1 0058.0  0701.1  
-1212.0 -0024.8 0699.5  
-1173.0 0024.8  0700.4  
-1165.2 -0024.8 0699.5  
-1188.6 0008.2  0700.1  
-1032.8 0024.8  0700.4  
-1149.6 0008.2  0700.1  
-1180.8 0041.4  0700.8  
-1157.4 -0024.8 0699.5  
-1165.2 -0008.2 0699.8  
-1118.4 0024.8  0700.4  
-1157.4 0041.4  0700.8  
-1204.2 0041.4  0700.8  
-1196.4 -0041.4 0699.1  
-1204.2 0008.2  0700.1  
-1056.1 0024.8  0700.4  
-1017.3 -0008.2 0699.8  
-1243.3 0008.2  0700.1  
-1126.2 -0008.2 0699.8  
-1126.2 0024.8  0700.4  
-1141.8 -0041.4 0699.1  
-1118.4 0041.4  0700.8  
-1095.0 0041.4  0700.8  
-1165.2 -0024.8 0699.5  
-1157.4 0041.4  0700.8  
-1173.0 -0041.4 0699.1  
-1235.5 0024.8  0700.4  
-1173.0 -0008.2 0699.8  
-1165.2 0024.8  0700.4  
-1056.1 0041.4  0700.8  
-1063.9 0024.8  0700.4  
-1134.0 -0024.8 0699.5  
-1219.8 -0024.8 0699.5  
-1173.0 0024.8  0700.4  
-1157.4 0024.8  0700.4  
-1141.8 -0024.8 0699.5  
-1196.4 0041.4  0700.8  
-1180.8 -0024.8 0699.5  
-1157.4 0024.8  0700.4  
-1188.6 -0024.8 0699.5  
-1157.4 0024.8  0700.4  
-1180.8 0041.4  0700.8  
-1149.6 -0024.8 0699.5  
-1141.8 0058.0  0701.1  
-1188.6 -0041.4 0699.1  
-1173.0 0008.2  0700.1  
-1204.2 -0024.8 0699.5  
-1180.8 0024.8  0700.4  
-1141.8 0041.4  0700.8  
-1134.0 -0024.8 0699.5  
-1204.2 0008.2  0700.1  
-1157.4 0041.4  0700.8  
-1188.6 0008.2  0700.1  
-1188.6 0058.0  0701.1  
-1079.4 -0058.0 0698.8  
-1173.0 0041.4  0700.8  
-1110.6 -0008.2 0699.8  
-1219.8 0008.2  0700.1  
-1196.4 0024.8  0700.4  
-1165.2 0024.8  0700.4  
-1149.6 0024.8  0700.4  
-1165.2 -0008.2 0699.8  
-1141.8 0058.0  0701.1  
-1118.4 0024.8  0700.4  
-1134.0 -0024.8 0699.5  
-1173.0 0024.8  0700.4  
-1188.6 -0024.8 0699.5  
-1149.6 0024.8  0700.4  
-1251.1 -0024.8 0699.5  
-1134.0 0008.2  0700.1  
-1025.0 -0008.2 0699.8  
-1126.2 -0024.8 0699.5  
-1134.0 0041.4  0700.8  
-1173.0 -0041.4 0699.1  
-1126.2 0041.4  0700.8  
-1188.6 -0008.2 0699.8  
-1126.2 0008.2  0700.1  
-1141.8 0024.8  0700.4  
-1251.1 -0024.8 0699.5  
-1219.8 0008.2  0700.1  
-1188.6 -0024.8 0699.5  
-1149.6 0024.8  0700.4  
-1180.8 0024.8  0700.4  
-1188.6 0024.8  0700.4  
-1157.4 0008.2  0700.1  
-1204.2 -0041.4 0699.1  
-1126.2 0008.2  0700.1  
-1141.8 -0041.4 0699.1  
-1173.0 0024.8  0700.4  
-1141.8 0024.8  0700.4  
-1204.2 -0041.4 0699.1  
-1165.2 0024.8  0700.4  
-1188.6 -0058.0 0698.8  
-1196.4 0008.2  0700.1  
-1173.0 0024.8  0700.4  
-1149.6 -0024.8 0699.5  
-1126.2 0008.2  0700.1  
-1063.9 -0024.8 0699.5  
-1180.8 0008.2  0700.1  
-1188.6 -0024.8 0699.5  
-1173.0 0008.2  0700.1  
-1118.4 0041.4  0700.8  
-1173.0 -0008.2 0699.8  
-1227.7 0024.8  0700.4  
-1173.0 -0008.2 0699.8  
-1219.8 -0041.4 0699.1  
-1102.8 0041.4  0700.8  
-1173.0 -0041.4 0699.1  
-1118.4 0024.8  0700.4  
-1157.4 -0041.4 0699.1  
-1204.2 0008.2  0700.1  
-1118.4 -0024.8 0699.5  
-1102.8 0008.2  0700.1  
-1134.0 0024.8  0700.4  
-1243.3 -0024.8 0699.5  
-1141.8 0041.4  0700.8  
-1173.0 -0024.8 0699.5  
-1141.8 0024.8  0700.4  
-1149.6 0024.8  0700.4  
-1126.2 -0041.4 0699.1  
-1056.1 0041.4  0700.8  
-1219.8 -0041.4 0699.1  
-1173.0 0024.8  0700.4  
-1219.8 -0008.2 0699.8  
-1188.6 -0008.2 0699.8  
-1102.8 0024.8  0700.4  
-1196.4 -0041.4 0699.1  
-1165.2 -0008.2 0699.8  
-1196.4 -0024.8 0699.5  
-1165.2 0008.2  0700.1  
-1165.2 0041.4  0700.8  
-1251.1 -0024.8 0699.5  
-1227.7 0024.8  0700.4  
-1196.4 -0058.0 0698.8  
-1196.4 0024.8  0700.4  
-1118.4 -0041.4 0699.1  
-1266.8 0041.4  0700.8  
-1126.2 0024.8  0700.4  
-1157.4 -0008.2 0699.8  
-1134.0 -0008.2 0699.8  
-1102.8 -0024.8 0699.5  
-1180.8 0008.2  0700.1  
-1282.5 0024.8  0700.4  
-1157.4 0008.2  0700.1  
-1149.6 0024.8  0700.4  
-1235.5 -0041.4 0699.1  
-1251.1 0008.2  0700.1  
-1173.0 0024.8  0700.4  
-1118.4 -0024.8 0699.5  
-1118.4 0008.2  0700.1  
-1188.6 -0058.0 0698.8  
-1188.6 -0008.2 0699.8  
-1165.2 -0024.8 0699.5  
-1087.2 -0008.2 0699.8  
-1134.0 0041.4  0700.8  
-1180.8 -0024.8 0699.5  
-1235.5 0024.8  0700.4  
-1149.6 -0024.8 0699.5  
-1212.0 -0008.2 0699.8  
-1157.4 -0024.8 0699.5  
-1173.0 -0008.2 0699.8  
-1188.6 0024.8  0700.4  
-1188.6 0008.2  0700.1  
-1165.2 0024.8  0700.4  
-1306.0 -0008.2 0699.8  
-1196.4 0024.8  0700.4  
-1087.2 0024.8  0700.4  
-1243.3 -0041.4 0699.1  
-1196.4 0058.0  0701.1  
-1251.1 -0024.8 0699.5  
-1243.3 0024.8  0700.4  
-1157.4 -0024.8 0699.5  
-1141.8 0008.2  0700.1  
-1110.6 0041.4  0700.8  
-1180.8 -0074.6 0698.5  
-1118.4 0008.2  0700.1  
-1110.6 -0041.4 0699.1  
-1157.4 0008.2  0700.1  
-1219.8 0008.2  0700.1  
-1110.6 0008.2  0700.1  
-1126.2 0024.8  0700.4  
-1087.2 -0024.8 0699.5  
-1188.6 0074.6  0701.4  
-1118.4 -0024.8 0699.5  
-1188.6 0008.2  0700.1  
-1157.4 0024.8  0700.4  
-1165.2 -0058.0 0698.8  
-1149.6 0008.2  0700.1  
-1165.2 -0041.4 0699.1  
-1095.0 -0008.2 0699.8  
-1243.3 0008.2  0700.1  
-1266.8 0041.4  0700.8  
-1204.2 0041.4  0700.8  
-1212.0 -0041.4 0699.1  
-1188.6 0008.2  0700.1  
-1345.3 -0041.4 0699.1  
-1173.0 0008.2  0700.1  
-1126.2 -0008.2 0699.8  
-1204.2 -0024.8 0699.5  
-1087.2 0008.2  0700.1  
-1173.0 -0041.4 0699.1  
-1110.6 -0008.2 0699.8  
-1173.0 0024.8  0700.4  
-1126.2 -0024.8 0699.5  
-1165.2 0041.4  0700.8  
-1173.0 0008.2  0700.1  
-1196.4 0008.2  0700.1  
-1180.8 -0008.2 0699.8  
-1204.2 0024.8  0700.4  
-1173.0 0024.8  0700.4  
-1141.8 -0024.8 0699.5  
-1173.0 0008.2  0700.1  
-1165.2 -0041.4 0699.1  
-1188.6 -0008.2 0699.8  
-1134.0 0041.4  0700.8  
-1212.0 0024.8  0700.4  
-1126.2 -0008.2 0699.8  
-1157.4 -0024.8 0699.5  
-1157.4 0024.8  0700.4  
-1180.8 -0024.8 0699.5  
-1180.8 0024.8  0700.4  
-1110.6 -0008.2 0699.8  
-1180.8 -0041.4 0699.1  
-1095.0 0024.8  0700.4  
-1165.2 -0024.8 0699.5  
-1180.8 0024.8  0700.4  
-1157.4 0008.2  0700.1  
-1149.6 -0058.0 0698.8  
-1180.8 0024.8  0700.4  
-1040.6 -0074.6 0698.5  
-1180.8 -0008.2 0699.8  
-1251.1 -0024.8 0699.5  
-1165.2 0024.8  0700.4  
-1188.6 0024.8  0700.4  
-1141.8 0008.2  0700.1  
-1196.4 0024.8  0700.4  
-1118.4 -0024.8 0699.5  
-1165.2 -0008.2 0699.8  
-1087.2 -0024.8 0699.5  
-1149.6 -0041.4 0699.1  
-1056.1 0041.4  0700.8  
-1087.2 -0041.4 0699.1  
-1196.4 -0008.2 0699.8  
-1157.4 -0041.4 0699.1  
-1196.4 -0041.4 0699.1  
-1165.2 0074.6  0701.4  
-1212.0 -0008.2 0699.8  
-1102.8 0024.8  0700.4  
-1141.8 -0058.0 0698.8  
-1087.2 0024.8  0700.4  
-1165.2 0024.8  0700.4  
-1118.4 -0024.8 0699.5  
-1243.3 0008.2  0700.1  
-1134.0 -0074.6 0698.5  
-1157.4 0058.0  0701.1  
-1165.2 -0058.0 0698.8  
-1149.6 0024.8  0700.4  
-1188.6 0024.8  0700.4  
-1204.2 -0024.8 0699.5  
-1149.6 0041.4  0700.8  
-1188.6 -0024.8 0699.5  
-1032.8 0041.4  0700.8  
-1188.6 0008.2  0700.1  
-1149.6 -0024.8 0699.5  
-1157.4 0008.2  0700.1  
-1219.8 -0041.4 0699.1  
-1110.6 0024.8  0700.4  
-1110.6 -0041.4 0699.1  
-1110.6 0024.8  0700.4  
-0986.2 0024.8  0700.4  
-1079.4 -0041.4 0699.1  
-1219.8 0024.8  0700.4  
-1219.8 -0041.4 0699.1  
-1173.0 0024.8  0700.4  
-1087.2 0024.8  0700.4  
-1165.2 0008.2  0700.1  
-1102.8 -0008.2 0699.8  
-1110.6 -0058.0 0698.8  
-1204.2 0008.2  0700.1  
-1274.6 -0041.4 0699.1  
-1157.4 0008.2  0700.1  
-1757.8 0024.8  0700.4  
-1204.2 0008.2  0700.1  
-1134.0 -0008.2 0699.8  
-1173.0 -0008.2 0699.8  
-1204.2 0008.2  0700.1  
-1110.6 0058.0  0701.1  
-1149.6 0008.2  0700.1  
-1118.4 0008.2  0700.1  
-1149.6 -0041.4 0699.1  
-1126.2 0008.2  0700.1  
-1196.4 -0041.4 0699.1  
-1126.2 0008.2  0700.1  
-1149.6 0008.2  0700.1  
-1259.0 0024.8  0700.4  
-1173.0 0024.8  0700.4  
-1134.0 -0041.4 0699.1  
-1196.4 0008.2  0700.1  
-1087.2 0024.8  0700.4  
-1212.0 0008.2  0700.1  
-1149.6 0024.8  0700.4  
-1102.8 -0058.0 0698.8  
-1290.3 -0008.2 0699.8  
-1227.7 -0024.8 0699.5  
-1165.2 -0008.2 0699.8  
-1134.0 0024.8  0700.4  
-1173.0 -0041.4 0699.1  
-1219.8 0008.2  0700.1  
-1243.3 -0041.4 0699.1  
-1134.0 0024.8  0700.4  
-1087.2 -0024.8 0699.5  
-1204.2 0041.4  0700.8  
-1118.4 0024.8  0700.4  
-1141.8 -0008.2 0699.8  
-1204.2 0008.2  0700.1  
-1204.2 -0041.4 0699.1  
-1219.8 -0008.2 0699.8  
-1188.6 -0041.4 0699.1  
-1110.6 -0041.4 0699.1  
-1149.6 -0008.2 0699.8  
-1204.2 -0058.0 0698.8  
-1227.7 0024.8  0700.4  
-1219.8 -0041.4 0699.1  
-1141.8 0024.8  0700.4  
-1126.2 0008.2  0700.1  
-1180.8 -0041.4 0699.1  
-1149.6 0024.8  0700.4  
-1087.2 -0024.8 0699.5  
-1141.8 0008.2  0700.1  
-1087.2 0024.8  0700.4  
-1141.8 0024.8  0700.4  
-1110.6 0041.4  0700.8  
-1219.8 -0041.4 0699.1  
-1157.4 -0008.2 0699.8  
-1079.4 0041.4  0700.8  
-1141.8 -0058.0 0698.8  
-1165.2 0024.8  0700.4  
-1212.0 -0041.4 0699.1  
-1126.2 0008.2  0700.1  
-1056.1 -0024.8 0699.5  
-1227.7 0008.2  0700.1  
-1188.6 0041.4  0700.8  
-1173.0 -0024.8 0699.5  
-1196.4 0024.8  0700.4  
-1126.2 -0041.4 0699.1  
-1126.2 0008.2  0700.1  
-1141.8 0024.8  0700.4  
-1149.6 -0024.8 0699.5  
-1126.2 0024.8  0700.4  
-1165.2 -0058.0 0698.8  
-1251.1 0024.8  0700.4  
-1079.4 -0041.4 0699.1  
-1118.4 -0008.2 0699.8  
-1110.6 0058.0  0701.1  
-1204.2 -0024.8 0699.5  
-1126.2 0008.2  0700.1  
-1196.4 -0041.4 0699.1  
-1204.2 0024.8  0700.4  
-1165.2 -0008.2 0699.8  
-1056.1 -0041.4 0699.1  
-1087.2 0041.4  0700.8  
-1165.2 -0058.0 0698.8  
-1165.2 0024.8  0700.4  
-1141.8 -0041.4 0699.1  
-1118.4 0008.2  0700.1  
-0994.0 0008.2  0700.1  
-1165.2 -0008.2 0699.8  
-1141.8 0058.0  0701.1  
-1212.0 -0008.2 0699.8  
-1196.4 0008.2  0700.1  
-1126.2 0024.8  0700.4  
-1219.8 0008.2  0700.1  
-1149.6 0024.8  0700.4  
-1118.4 -0041.4 0699.1  
-1141.8 0008.2  0700.1  
-1204.2 -0041.4 0699.1  
-1235.5 -0058.0 0698.8  
-1173.0 -0008.2 0699.8  
-1235.5 -0041.4 0699.1  
-1188.6 0008.2  0700.1  
-1165.2 -0041.4 0699.1  
-1188.6 0008.2  0700.1  
-1251.1 0024.8  0700.4  
-1157.4 -0041.4 0699.1  
-1173.0 0024.8  0700.4  
-1180.8 -0058.0 0698.8  
-1165.2 0008.2  0700.1  
-1188.6 -0024.8 0699.5  
-1157.4 0024.8  0700.4  
-1095.0 0058.0  0701.1  
-1095.0 -0041.4 0699.1  
-1157.4 0008.2  0700.1  
-1173.0 -0008.2 0699.8  
-1134.0 -0008.2 0699.8  
-1157.4 0024.8  0700.4  
-1165.2 0008.2  0700.1  
-1095.0 0041.4  0700.8  
-1134.0 -0041.4 0699.1  
-1212.0 0024.8  0700.4  
-1095.0 0008.2  0700.1  
-1227.7 0008.2  0700.1  
-1157.4 0024.8  0700.4  
-1266.8 -0024.8 0699.5  
-1173.0 0041.4  0700.8  
-1141.8 -0024.8 0699.5  
-1134.0 0008.2  0700.1  
-1188.6 -0024.8 0699.5  
-1141.8 0008.2  0700.1  
-1165.2 0058.0  0701.1  
-1134.0 -0024.8 0699.5  
-1087.2 0024.8  0700.4  
-1118.4 0024.8  0700.4  
-1173.0 0024.8  0700.4  
-1126.2 0024.8  0700.4  
-1165.2 -0024.8 0699.5  
-1134.0 0024.8  0700.4  
-1165.2 -0024.8 0699.5  
-1141.8 0024.8  0700.4  
-1165.2 0024.8  0700.4  
-1173.0 0008.2  0700.1  
-1056.1 0024.8  0700.4  
-1102.8 -0008.2 0699.8  
-1126.2 0008.2  0700.1  
-1188.6 0041.4  0700.8  
-1149.6 -0024.8 0699.5  
-1227.7 0024.8  0700.4  
-1173.0 -0024.8 0699.5  
-1141.8 0058.0  0701.1  
-1227.7 -0024.8 0699.5  
-1149.6 0041.4  0700.8  
-1102.8 0024.8  0700.4  
-1196.4 -0024.8 0699.5  
-1149.6 0041.4  0700.8  
-1204.2 -0058.0 0698.8  
-1095.0 0041.4  0700.8  
-1212.0 -0024.8 0699.5  
-1180.8 0041.4  0700.8  
-1118.4 0024.8  0700.4  
-1110.6 -0024.8 0699.5  
-1157.4 0024.8  0700.4  
-1118.4 -0008.2 0699.8  
-1188.6 0008.2  0700.1  
-1165.2 0041.4  0700.8  
-1157.4 -0024.8 0699.5  
-1180.8 0024.8  0700.4  
-1087.2 -0024.8 0699.5  
-1313.8 -0024.8 0699.5  
-1165.2 -0041.4 0699.1  
-1149.6 0041.4  0700.8  
-1165.2 0058.0  0701.1  
-1095.0 -0041.4 0699.1  
-1251.1 0024.8  0700.4  
-1134.0 -0024.8 0699.5  
-1266.8 0041.4  0700.8  
-1149.6 0008.2  0700.1  
-1165.2 -0041.4 0699.1  
-1126.2 0041.4  0700.8  
-1204.2 -0041.4 0699.1  
-1134.0 0041.4  0700.8  
-1219.8 -0041.4 0699.1  
-1227.7 0008.2  0700.1  
-1204.2 0058.0  0701.1  
-1157.4 0024.8  0700.4  
-1165.2 0058.0  0701.1  
-1173.0 -0058.0 0698.8  
-1149.6 0024.8  0700.4  
-1149.6 0041.4  0700.8  
-1227.7 -0024.8 0699.5  
-1157.4 0091.2  0701.8  
-1219.8 -0024.8 0699.5  
-1188.6 0024.8  0700.4  
-1134.0 -0024.8 0699.5  
-1243.3 0041.4  0700.8  
-1118.4 0008.2  0700.1  
-1149.6 -0041.4 0699.1  
-1173.0 0024.8  0700.4  
-1180.8 -0041.4 0699.1  
-1118.4 0024.8  0700.4  
-1063.9 0091.2  0701.8  
-1118.4 1235.4  0724.7  
-1149.6 0124.3  0702.4  
-1165.2 1169.1  0723.3  
-1118.4 0024.8  0700.4  
-1165.2 1235.4  0724.7  
-1180.8 0024.8  0700.4  
-1118.4 0041.4  0700.8  
-1188.6 -0024.8 0699.5  
-1095.0 0008.2  0700.1  
-1196.4 -0058.0 0698.8  
-1180.8 0024.8  0700.4  
-1188.6 0041.4  0700.8  
-1188.6 0107.7  0702.1  
-1126.2 0041.4  0700.8  
-1173.0 -0024.8 0699.5  
-1079.4 0024.8  0700.4  
-1165.2 0008.2  0700.1  
-1165.2 -0024.8 0699.5  
-1157.4 0008.2  0700.1  
-1149.6 0008.2  0700.1  
-1173.0 0024.8  0700.4  
-1219.8 -0041.4 0699.1  
-1165.2 0008.2  0700.1  
-1204.2 0008.2  0700.1  
-1180.8 0024.8  0700.4  
-1095.0 0024.8  0700.4  
-1149.6 -0024.8 0699.5  
-1180.8 0041.4  0700.8  
-1165.2 0041.4  0700.8  
-1110.6 -0024.8 0699.5  
-1095.0 0041.4  0700.8  
-1165.2 -0058.0 0698.8  
-1157.4 0024.8  0700.4  
-1266.8 -0041.4 0699.1  
-1196.4 0041.4  0700.8  
-1071.7 0008.2  0700.1  
-1251.1 -0058.0 0698.8  
-1157.4 0024.8  0700.4  
-1212.0 -0024.8 0699.5  
-1118.4 0058.0  0701.1  
-1204.2 -0024.8 0699.5  
-1118.4 -0008.2 0699.8  
-1110.6 0024.8  0700.4  
-1173.0 -0024.8 0699.5  
-1204.2 0024.8  0700.4  
-1149.6 -0024.8 0699.5  
-1141.8 0024.8  0700.4  
-1204.2 0024.8  0700.4  
-1219.8 -0024.8 0699.5  
-1126.2 0024.8  0700.4  
-1126.2 -0024.8 0699.5  
-1204.2 0024.8  0700.4  
-1173.0 -0024.8 0699.5  
-1126.2 0024.8  0700.4  
-1110.6 -0008.2 0699.8  
-1196.4 -0058.0 0698.8  
-1126.2 0024.8  0700.4  
-1235.5 -0041.4 0699.1  
-1251.1 0024.8  0700.4  
-1630.0 0041.4  0700.8  
-1134.0 -0041.4 0699.1  
-1542.6 0041.4  0700.8  
-1134.0 -0024.8 0699.5  
-1134.0 -0008.2 0699.8  
-1173.0 -0024.8 0699.5  
-1157.4 0008.2  0700.1  
-1102.8 0024.8  0700.4  
-1165.2 -0024.8 0699.5  
-1157.4 0024.8  0700.4  
-1196.4 -0024.8 0699.5  
-1173.0 0024.8  0700.4  
-1110.6 0041.4  0700.8  
-1227.7 0024.8  0700.4  
-1134.0 0024.8  0700.4  
-1173.0 -0024.8 0699.5  
-1141.8 0024.8  0700.4  
-1126.2 0008.2  0700.1  
-1102.8 0008.2  0700.1  
-1196.4 0024.8  0700.4  
-1235.5 0024.8  0700.4  
-1040.6 0041.4  0700.8  
-1149.6 -0008.2 0699.8  
-1095.0 0008.2  0700.1  
-1141.8 0041.4  0700.8  
-1102.8 -0041.4 0699.1  
-1188.6 0008.2  0700.1  
-1079.4 -0074.6 0698.5  
-1126.2 0024.8  0700.4  
-1095.0 -0024.8 0699.5  
-1134.0 0008.2  0700.1  
-1173.0 0024.8  0700.4  
-1165.2 -0041.4 0699.1  
-1165.2 0008.2  0700.1  
-1251.1 -0041.4 0699.1  
-1235.5 0024.8  0700.4  
-1110.6 0074.6  0701.4  
-1243.3 0008.2  0700.1  
-1165.2 0024.8  0700.4  
-1126.2 -0041.4 0699.1  
-1219.8 0008.2  0700.1  
-1219.8 -0041.4 0699.1  
-1212.0 0024.8  0700.4  
-1165.2 0024.8  0700.4  
-1196.4 -0024.8 0699.5  
-1219.8 -0024.8 0699.5  
-1141.8 -0041.4 0699.1  
-1251.1 0024.8  0700.4  
-1173.0 -0041.4 0699.1  
-1235.5 0008.2  0700.1  
-1110.6 0024.8  0700.4  
-1212.0 -0058.0 0698.8  
-1134.0 0008.2  0700.1  
-1063.9 0058.0  0701.1  
-1126.2 -0041.4 0699.1  
-1157.4 0024.8  0700.4  
-1141.8 -0024.8 0699.5  
-1157.4 0024.8  0700.4  
-1126.2 -0008.2 0699.8  
-1134.0 -0008.2 0699.8  
-1056.1 0008.2  0700.1  
-1134.0 -0041.4 0699.1  
-1188.6 0024.8  0700.4  
-1141.8 0008.2  0700.1  
-1149.6 -0024.8 0699.5  
-1212.0 -0058.0 0698.8  
-1204.2 -0041.4 0699.1  
-1157.4 0041.4  0700.8  
-1157.4 -0058.0 0698.8  
-1196.4 -0058.0 0698.8  
-1196.4 -0024.8 0699.5  
-1188.6 0008.2  0700.1  
-1196.4 0008.2  0700.1  
-1134.0 -0041.4 0699.1  
-1196.4 0024.8  0700.4  
-1235.5 -0041.4 0699.1  
-1102.8 -0008.2 0699.8  
-1126.2 -0024.8 0699.5  
-1173.0 0024.8  0700.4  
-1134.0 0024.8  0700.4  
-1180.8 -0058.0 0698.8  
-1134.0 0024.8  0700.4  
-1204.2 -0041.4 0699.1  
-1204.2 0008.2  0700.1  
-1204.2 0041.4  0700.8  
-1141.8 -0041.4 0699.1  
-1196.4 0024.8  0700.4  
-1173.0 -0041.4 0699.1  
-1126.2 0008.2  0700.1  
-1134.0 -0041.4 0699.1  
-1251.1 0008.2  0700.1  
-1149.6 -0008.2 0699.8  
-1188.6 -0008.2 0699.8  
-1134.0 0041.4  0700.8  
-1196.4 -0041.4 0699.1  
-1095.0 0041.4  0700.8  
-1149.6 0024.8  0700.4  
-1204.2 0024.8  0700.4  
-1095.0 0041.4  0700.8  
-1095.0 -0008.2 0699.8  
-1180.8 0008.2  0700.1  
-1110.6 -0058.0 0698.8  
-1165.2 -0008.2 0699.8  
-1204.2 0024.8  0700.4  
-1118.4 -0058.0 0698.8  
-1157.4 0041.4  0700.8  
-1243.3 -0024.8 0699.5  
-1040.6 0024.8  0700.4  
-1219.8 0008.2  0700.1  
-1141.8 0024.8  0700.4  
-1141.8 -0024.8 0699.5  
-1188.6 -0024.8 0699.5  
-1212.0 0008.2  0700.1  
-1110.6 -0041.4 0699.1  
-1157.4 0008.2  0700.1  
-1196.4 0008.2  0700.1  
-1188.6 0008.2  0700.1  
-1134.0 0008.2  0700.1  
-1188.6 -0041.4 0699.1  
-1134.0 0024.8  0700.4  
-1235.5 0008.2  0700.1  
-1173.0 0024.8  0700.4  
-1118.4 0024.8  0700.4  
-1212.0 -0074.6 0698.5  
-1212.0 0024.8  0700.4  
-1141.8 -0024.8 0699.5  
-1227.7 0024.8  0700.4  
-1157.4 0024.8  0700.4  
-1173.0 -0058.0 0698.8  
-1243.3 0008.2  0700.1  
-1173.0 -0041.4 0699.1  
-1110.6 0024.8  0700.4  
-1165.2 -0008.2 0699.8  
-1079.4 -0041.4 0699.1  
-1087.2 0024.8  0700.4  
-1243.3 -0058.0 0698.8  
-1173.0 0008.2  0700.1  
-1188.6 -0041.4 0699.1  
-1149.6 0024.8  0700.4  
-1079.4 0024.8  0700.4  
-1149.6 -0024.8 0699.5  
-1204.2 0008.2  0700.1  
-1157.4 -0041.4 0699.1  
-1134.0 0024.8  0700.4  
-1079.4 0024.8  0700.4  
-1126.2 0024.8  0700.4  
-1087.2 0024.8  0700.4  
-1180.8 -0024. 