.8 0217.2  5686.2  
-0808.2 0217.2  5690.6  
-0808.2 0217.2  5694.9  
-0839.1 0250.4  5699.9  
-0816.0 0233.8  5704.6  
-0746.5 0200.6  5708.6  
-0700.3 0167.4  5712.0  
-0700.3 0217.2  5716.3  
-0715.7 0167.4  5719.7  
-0777.4 0200.6  5723.7  
-0677.2 0217.2  5728.0  
-0862.3 0134.3  5730.7  
-0738.8 0200.6  5734.7  
-0731.1 0150.9  5737.7  
-0700.3 0150.9  5740.7  
-0661.8 0200.6  5744.8  
-0792.8 0150.9  5747.8  
-0792.8 0233.8  5752.5  
-0854.6 0134.3  5755.1  
-0885.5 0200.6  5759.2  
-0862.3 0184.0  5762.8  
-0901.0 0184.0  5766.5  
-0823.7 0283.5  5772.2  
-0692.6 0184.0  5775.9  
-0769.6 0200.6  5779.9  
-0877.8 0184.0  5783.6  
-0754.2 0217.2  5787.9  
-0700.3 0233.8  5792.6  
-0769.6 0167.4  5795.9  
-0854.6 0200.6  5799.9  
-0623.3 0150.9  5803.0  
-0692.6 0200.6  5807.0  
-0761.9 0134.3  5809.7  
-0854.6 0184.0  5813.3  
-0646.4 0217.2  5817.7  
-0754.2 0134.3  5820.4  
-0939.7 0200.6  5824.4  
-0955.2 0150.9  5827.4  
-0916.5 0200.6  5831.4  
-0800.5 0200.6  5835.4  
-0970.7 0217.2  5839.8  
-0800.5 0217.2  5844.1  
-0831.4 0184.0  5847.8  
-0831.4 0217.2  5852.1  
-0777.4 0150.9  5855.2  
-0839.1 0200.6  5859.2  
-0700.3 0233.8  5863.9  
-0800.5 0184.0  5867.5  
-0731.1 0233.8  5872.2  
-0769.6 0184.0  5875.9  
-0831.4 0167.4  5879.2  
-0854.6 0134.3  5881.9  
-0901.0 0217.2  5886.3  
-0862.3 0250.4  5891.3  
-0816.0 0200.6  5895.3  
-0823.7 0200.6  5899.3  
-0800.5 0184.0  5903.0  
-0893.2 0200.6  5907.0  
-0831.4 0266.9  5912.3  
-0846.8 0167.4  5915.7  
-0800.5 0233.8  5920.4  
-0823.7 0167.4  5923.7  
-0785.1 0200.6  5927.7  
-0761.9 0233.8  5932.4  
-0916.5 0184.0  5936.1  
-0785.1 0250.4  5941.1  
-0862.3 0150.9  5944.1  
-0823.7 0200.6  5948.1  
-0792.8 0134.3  5950.8  
-0808.2 0184.0  5954.5  
-0800.5 0250.4  5959.5  
-0839.1 0167.4  5962.8  
-0777.4 0217.2  5967.2  
-0831.4 0150.9  5970.2  
-0746.5 0184.0  5973.9  
-0800.5 0233.8  5978.6  
-0800.5 0200.6  5982.6  
-0808.2 0217.2  5986.9  
-0792.8 0200.6  5990.9  
-0823.7 0184.0  5994.6  
-0831.4 0150.9  5997.6  
-0846.8 0217.2  6002.0  
-0754.2 0233.8  6006.7  
-0908.7 0184.0  6010.3  
-0839.1 0250.4  6015.3  
-0862.3 0200.6  6019.4  
-0854.6 0233.8  6024.0  
-0754.2 0150.9  6027.1  
-0792.8 0184.0  6030.7  
-0692.6 0233.8  6035.4  
-0862.3 0217.2  6039.8  
-0839.1 0233.8  6044.4  
-0870.0 0200.6  6048.4  
-0870.0 0233.8  6053.1  
-0823.7 0283.5  6058.8  
-0970.7 0167.4  6062.1  
-0839.1 0283.5  6067.8  
-0978.5 0250.4  6072.8  
-0986.2 0316.7  6079.2  
-0978.5 0333.3  6085.8  
-1087.2 0333.3  6092.5  
-1001.7 0399.6  6100.5  
-1040.6 0349.9  6107.5  
-0994.0 0399.6  6115.5  
-1048.3 0366.5  6122.8  
-1025.0 0383.0  6130.5  
-1079.4 0449.4  6139.5  
-1095.0 0383.0  6147.1  
-1001.7 0432.8  6155.8  
-0939.7 0399.6  6163.8  
-1071.7 0449.4  6172.8  
-0978.5 0449.4  6181.7  
-1141.8 0432.8  6190.4  
-1040.6 0466.0  6199.7  
-0947.4 0416.2  6208.0  
-0792.8 0449.4  6217.0  
-0901.0 0366.5  6224.4  
-0916.5 0416.2  6232.7  
-0846.8 0383.0  6240.4  
-0970.7 0366.5  6247.7  
-0870.0 0466.0  6257.0  
-0916.5 0383.0  6264.7  
-0854.6 0383.0  6272.3  
-0816.0 0449.4  6281.3  
-0800.5 0349.9  6288.3  
-0777.4 0399.6  6296.3  
-0761.9 0366.5  6303.6  
-0738.8 0349.9  6310.6  
-0669.5 0333.3  6317.3  
-0746.5 0383.0  6325.0  
-0677.2 0383.0  6332.6  
-0623.3 0316.7  6339.0  
-0615.7 0399.6  6347.0  
-0731.1 0333.3  6353.6  
-0746.5 0316.7  6360.0  
-0615.7 0399.6  6368.0  
-0761.9 0333.3  6374.6  
-0646.4 0383.0  6382.3  
-0569.5 0333.3  6388.9  
-0631.0 0383.0  6396.6  
-0615.7 0333.3  6403.3  
-0569.5 0416.2  6411.6  
-0446.8 0383.0  6419.3  
-0538.8 0283.5  6424.9  
-0577.2 0399.6  6432.9  
-0492.8 0316.7  6439.3  
-0400.8 0316.7  6445.6  
-0377.8 0316.7  6451.9  
-0423.8 0316.7  6458.3  
-0331.9 0349.9  6465.3  
-0370.1 0266.9  6470.6  
-0339.5 0333.3  6477.3  
-0186.5 0266.9  6482.6  
-0232.4 0300.1  6488.6  
-0201.8 0300.1  6494.6  
-0224.7 0266.9  6500.0  
-0133.0 0300.1  6506.0  
-0133.0 0266.9  6511.3  
-0148.2 0266.9  6516.7  
-0125.3 0316.7  6523.0  
-0163.5 0316.7  6529.3  
-0194.1 0316.7  6535.7  
-0079.4 0283.5  6541.3  
-0125.3 0283.5  6547.0  
-0094.7 0233.8  6551.7  
-0033.6 0283.5  6557.3  
0081.0  0283.5  6563.0  
0012.2  0200.6  6567.0  
0050.4  0316.7  6573.4  
0050.4  0167.4  6576.7  
0035.1  0217.2  6581.1  
0165.1  0300.1  6587.1  
0157.4  0300.1  6593.1  
0111.5  0266.9  6598.4  
0103.9  0217.2  6602.8  
0012.2  0266.9  6608.1  
0073.3  0233.8  6612.8  
-0025.9 0283.5  6618.4  
0050.4  0333.3  6625.1  
0019.8  0300.1  6631.1  
0180.4  0366.5  6638.4  
0134.5  0300.1  6644.4  
0157.4  0349.9  6651.4  
0364.0  0383.0  6659.1  
0364.0  0333.3  6665.8  
0348.7  0383.0  6673.4  
0287.5  0283.5  6679.1  
0256.9  0300.1  6685.1  
0310.4  0333.3  6691.8  
0172.7  0333.3  6698.4  
0371.7  0333.3  6705.1  
0149.8  0300.1  6711.1  
0203.3  0399.6  6719.1  
0211.0  0349.9  6726.1  
0203.3  0399.6  6734.1  
0318.1  0399.6  6742.1  
0402.3  0383.0  6749.8  
0417.6  0449.4  6758.7  
0525.0  0399.6  6766.7  
0525.0  0383.0  6774.4  
0601.8  0316.7  6780.7  
1042.1  0366.5  6788.1  
0425.3  0283.5  6793.7  
1034.3  0333.3  6800.4  
1011.0  0316.7  6806.7  
0894.8  0167.4  6810.1  
0825.2  0200.6  6814.1  
1346.8  0217.2  6818.4  
0894.8  0117.7  6820.8  
1276.2  0184.0  6824.5  
0972.2  0034.8  6825.2  
1073.2  0134.3  6827.9  
1018.8  0034.8  6828.6  
1135.5  0117.7  6830.9  
1042.1  0117.7  6833.3  
1081.0  0051.4  6834.3  
1198.0  0150.9  6837.3  
1378.3  0117.7  6839.7  
1229.2  0101.1  6841.7  
1284.0  0150.9  6844.7  
1362.6  0034.8  6845.4  
1394.0  0167.4  6848.8  
1401.9  0018.2  6849.1  
1536.2  0067.9  6850.5  
1488.7  0018.2  6850.9  
1536.2  0034.8  6851.5  
1480.8  0084.5  6853.2  
1528.3  -0048.0 6852.3  
1394.0  0018.2  6852.6  
1488.7  -0014.9 6852.3  
1417.7  -0031.5 6851.7  
1647.5  0018.2  6852.1  
1472.9  0018.2  6852.4  
1591.8  0001.6  6852.5  
1528.3  -0014.9 6852.2  
1568.0  -0014.9 6851.9  
1544.2  -0048.0 6850.9  
1591.8  0001.6  6851.0  
1655.5  0001.6  6851.0  
1655.5  -0014.9 6850.7  
1687.4  0018.2  6851.1  
1719.4  -0014.9 6850.8  
1880.1  0001.6  6850.8  
1839.8  -0048.0 6849.8  
1831.7  0001.6  6849.9  
1961.0  0034.8  6850.6  
2034.2  -0048.0 6849.6  
1952.9  0001.6  6849.6  
1928.6  -0064.6 6848.3  
2001.7  -0064.6 6847.0  
1928.6  -0048.0 6846.1  
1952.9  -0081.2 6844.5  
1855.9  -0031.5 6843.8  
1735.4  -0031.5 6843.2  
1775.5  -0031.5 6842.6  
1823.7  0001.6  6842.6  
1815.6  0001.6  6842.6  
1671.4  0051.4  6843.7  
1727.4  0034.8  6844.3  
1847.8  0034.8  6845.0  
1831.7  0034.8  6845.7  
1864.0  0067.9  6847.1  
1952.9  0117.7  6849.5  
1977.3  0018.2  6849.8  
2017.9  0117.7  6852.2  
2042.4  -0014.9 6851.9  
2034.2  0034.8  6852.6  
2091.4  0051.4  6853.6  
2001.7  -0031.5 6853.0  
2009.8  0001.6  6853.0  
2009.8  -0081.2 6851.4  
1936.7  -0048.0 6850.4  
1807.6  -0097.8 6848.5  
1928.6  0034.8  6849.2  
2091.4  0067.9  6850.5  
2099.6  0067.9  6851.9  
2132.4  0051.4  6852.9  
2165.2  -0064.6 6851.6  
2305.7  -0014.9 6851.3  
2314.0  -0097.8 6849.4  
2206.4  -0164.1 6846.1  
2297.4  -0064.6 6844.8  
2389.0  -0114.4 6842.5  
2414.1  -0114.4 6840.2  
2548.8  -0180.7 6836.6  
2506.6  -0180.7 6833.0  
2523.5  -0164.1 6829.7  
2591.3  -0263.6 6824.4  
2642.3  -0230.5 6819.8  
2430.9  -0296.8 6813.9  
2414.1  -0296.8 6807.9  
2314.0  -0247.0 6803.0  
2414.1  -0230.5 6798.4  
2372.3  -0197.3 6794.4  
2330.6  -0280.2 6788.8  
2239.4  -0230.5 6784.2  
2322.3  -0280.2 6778.6  
2314.0  -0280.2 6773.0  
2464.5  -0230.5 6768.4  
2540.4  -0313.4 6762.1  
2439.3  -0296.8 6756.2  
2506.6  -0379.7 6748.6  
2616.8  -0330.0 6742.0  
2599.8  -0379.7 6734.4  
2380.7  -0446.1 6725.5  
2489.7  -0396.3 6717.5  
2456.1  -0429.5 6709.0  
2397.4  -0363.1 6701.7  
2372.3  -0412.9 6693.4  
2198.1  -0363.1 6686.2  
2058.7  -0313.4 6679.9  
1880.1  -0313.4 6673.6  
1775.5  -0247.0 6668.7  
1615.7  -0230.5 6664.1  
1639.5  -0131.0 6661.5  
1425.6  -0114.4 6659.2  
1751.4  -0081.2 6657.5  
1655.5  0001.6  6657.6  
1615.7  -0081.2 6656.0  
1880.1  -0048.0 6655.0  
1663.5  -0164.1 6651.7  
1679.4  -0048.0 6650.7  
2017.9  0001.6  6650.8  
1872.0  -0131.0 6648.2  
1969.2  -0081.2 6646.5  
1831.7  -0114.4 6644.2  
1639.5  -0131.0 6641.6  
1378.3  -0064.6 6640.3  
1268.4  0018.2  6640.7  
1647.5  0117.7  6643.0  
0972.2  -0031.5 6642.4  
0933.5  0034.8  6643.1  
0517.3  0067.9  6644.5  
0663.3  0217.2  6648.8  
0671.0  0333.3  6655.5  
0910.3  0266.9  6660.8  
0933.5  0333.3  6667.5  
1011.0  0266.9  6672.8  
1088.8  0283.5  6678.5  
0863.9  0233.8  6683.2  
1143.3  0300.1  6689.2  
1401.9  0283.5  6694.9  
1237.0  0150.9  6697.9  
1158.9  0200.6  6701.9  
1057.7  0084.5  6703.6  
0594.1  0150.9  6706.6  
0709.5  0333.3  6713.3  
0863.9  0333.3  6719.9  
0517.3  0366.5  6727.3  
0671.0  0316.7  6733.6  
0540.4  0399.6  6741.6  
0295.1  0449.4  6750.6  
0571.1  0482.5  6760.2  
0601.8  0499.1  6770.2  
0609.5  0432.8  6778.9  
0709.5  0466.0  6788.2  
0640.3  0399.6  6796.2  
0825.2  0383.0  6803.8  
0964.5  0316.7  6810.2  
0933.5  0233.8  6814.9  
0887.1  0217.2  6819.2  
0802.1  0134.3  6821.9  
0918.0  0167.4  6825.2  
0724.9  0250.4  6830.2  
0471.3  0134.3  6832.9  
0949.0  0283.5  6838.6  
0632.6  0184.0  6842.3  
0387.0  0233.8  6847.0  
0609.5  0250.4  6852.0  
0540.4  0266.9  6857.3  
0295.1  0349.9  6864.3  
0433.0  0300.1  6870.3  
0624.9  0383.0  6878.0  
0802.1  0300.1  6884.0  
0856.1  0300.1  6890.0  
0671.0  0250.4  6895.0  
0594.1  0184.0  6898.7  
0433.0  0217.2  6903.0  
0456.0  0184.0  6906.7  
0425.3  0233.8  6911.4  
0379.3  0200.6  6915.4  
0142.1  0200.6  6919.4  
0279.8  0300.1  6925.4  
0287.5  0283.5  6931.1  
0571.1  0300.1  6937.1  
0586.5  0217.2  6941.4  
0287.5  0217.2  6945.8  
0165.1  0266.9  6951.1  
-0003.0 0283.5  6956.8  
-0110.0 0349.9  6963.8  
0119.2  0383.0  6971.4  
0096.3  0399.6  6979.4  
0035.1  0383.0  6987.1  
0180.4  0449.4  6996.1  
0157.4  0416.2  7004.4  
0096.3  0349.9  7011.4  
0279.8  0432.8  7020.1  
0134.5  0333.3  7026.7  
-0010.7 0366.5  7034.1  
0042.8  0449.4  7043.0  
-0033.6 0432.8  7051.7  
-0094.7 0449.4  7060.7  
-0186.5 0383.0  7068.3  
-0217.1 0466.0  7077.7  
-0247.7 0432.8  7086.3  
-0263.0 0499.1  7096.3  
-0308.9 0565.5  7107.6  
-0347.2 0449.4  7116.6  
-0293.6 0582.0  7128.2  
-0255.3 0582.0  7139.9  
-0324.2 0648.4  7152.9  
-0278.3 0631.8  7165.5  
-0270.6 0631.8  7178.1  
-0155.9 0665.0  7191.4  
-0224.7 0598.6  7203.4  
-0240.0 0648.4  7216.4  
-0133.0 0565.5  7227.7  
-0140.6 0648.4  7240.7  
-0087.1 0615.2  7253.0  
-0125.3 0582.0  7264.6  
-0194.1 0648.4  7277.6  
-0278.3 0582.0  7289.2  
-0148.2 0598.6  7301.2  
-0224.7 0615.2  7313.5  
-0255.3 0598.6  7325.5  
-0224.7 0665.0  7338.8  
-0178.8 0598.6  7350.7  
-0056.5 0648.4  7363.7  
-0186.5 0615.2  7376.0  
-0186.5 0615.2  7388.3  
-0003.0 0648.4  7401.3  
0126.8  0582.0  7412.9  
0035.1  0582.0  7424.6  
-0110.0 0548.9  7435.5  
-0163.5 0499.1  7445.5  
-0094.7 0482.5  7455.2  
-0056.5 0582.0  7466.8  
0157.4  0598.6  7478.8  
0211.0  0499.1  7488.8  
0050.4  0482.5  7498.4  
0241.6  0466.0  7507.8  
0348.7  0532.3  7518.4  
0410.0  0515.7  7528.7  
0364.0  0416.2  7537.0  
0318.1  0466.0  7546.4  
0471.3  0416.2  7554.7  
0417.6  0499.1  7564.7  
0333.4  0482.5  7574.3  
0218.6  0383.0  7582.0  
0203.3  0499.1  7592.0  
0249.2  0449.4  7601.0  
0310.4  0532.3  7611.6  
0387.0  0432.8  7620.3  
0448.3  0499.1  7630.2  
0410.0  0515.7  7640.6  
0540.4  0449.4  7649.5  
0763.5  0466.0  7658.9  
0802.1  0383.0  7666.5  
0856.1  0349.9  7673.5  
0879.3  0349.9  7680.5  
1011.0  0266.9  7685.9  
0902.5  0233.8  7690.5  
1096.6  0184.0  7694.2  
0987.8  0150.9  7697.2  
0995.5  0067.9  7698.6  
1042.1  0150.9  7701.6  
0980.0  0134.3  7704.3  
0941.2  0101.1  7706.3  
0949.0  0167.4  7709.7  
0987.8  0134.3  7712.4  
0941.2  0184.0  7716.0  
1073.2  0184.0  7719.7  
1018.8  0200.6  7723.7  
1104.3  0217.2  7728.1  
1096.6  0150.9  7731.1  
1174.5  0217.2  7735.4  
1213.6  0217.2  7739.8  
1127.7  0150.9  7742.8  
1417.7  0200.6  7746.8  
1260.5  0101.1  7748.8  
1362.6  0117.7  7751.2  
1425.6  0034.8  7751.9  
1362.6  0051.4  7752.9  
1394.0  0067.9  7754.3  
1401.9  0001.6  7754.3  
1394.0  0051.4  7755.3  
1331.1  -0014.9 7755.0  
1394.0  0018.2  7755.4  
1409.8  -0031.5 7754.8  
1331.1  0067.9  7756.1  
1315.4  0067.9  7757.5  
1291.9  0051.4  7758.5  
1284.0  0150.9  7761.6  
1354.7  0067.9  7762.9  
1284.0  0167.4  7766.3  
1307.6  0184.0  7769.9  
1386.2  0217.2  7774.3  
1472.9  0233.8  7779.0  
1441.3  0184.0  7782.6  
1449.2  0250.4  7787.7  
1504.6  0200.6  7791.7  
1528.3  0217.2  7796.0  
1488.7  0217.2  7800.4  
1449.2  0184.0  7804.0  
1520.4  0217.2  7808.4  
1560.0  0150.9  7811.4  
1528.3  0167.4  7814.8  
1520.4  0200.6  7818.8  
1528.3  0134.3  7821.5  
1528.3  0134.3  7824.1  
1512.5  0101.1  7826.2  
1291.9  0117.7  7828.5  
1401.9  0134.3  7831.2  
1465.0  0184.0  7834.9  
1623.6  0217.2  7839.2  
1703.4  0184.0  7842.9  
1719.4  0217.2  7847.3  
1655.5  0167.4  7850.6  
1599.7  0233.8  7855.3  
1864.0  0250.4  7860.3  
1839.8  0200.6  7864.3  
1904.3  0233.8  7869.0  
1904.3  0167.4  7872.3  
1783.5  0217.2  7876.7  
1799.6  0200.6  7880.7  
1839.8  0250.4  7885.7  
1847.8  0266.9  7891.0  
1831.7  0233.8  7895.7  
1928.6  0266.9  7901.0  
1864.0  0134.3  7903.7  
1855.9  0233.8  7908.4  
1904.3  0167.4  7911.8  
1944.8  0250.4  7916.8  
1920.5  0217.2  7921.1  
1791.5  0200.6  7925.1  
1687.4  0217.2  7929.5  
1751.4  0200.6  7933.5  
1783.5  0233.8  7938.2  
1864.0  0283.5  7943.8  
1831.7  0250.4  7948.8  
1912.4  0316.7  7955.2  
1977.3  0266.9  7960.5  
2042.4  0283.5  7966.2  
2206.4  0333.3  7972.9  
2206.4  0300.1  7978.9  
2256.0  0316.7  7985.2  
2231.1  0150.9  7988.2  
2322.3  0184.0  7991.9  
2206.4  0150.9  7994.9  
2214.6  0200.6  7998.9  
2214.6  0233.8  8003.6  
2173.4  0134.3  8006.3  
2189.9  0233.8  8011.0  
2042.4  0167.4  8014.3  
2034.2  0300.1  8020.3  
2107.8  0300.1  8026.3  
2124.2  0283.5  8032.0  
2148.8  0349.9  8039.0  
2173.4  0283.5  8044.7  
2280.8  0349.9  8051.7  
2397.4  0333.3  8058.3  
2239.4  0366.5  8065.7  
2414.1  0383.0  8073.3  
2355.6  0300.1  8079.3  
2633.8  0383.0  8087.0  
2548.8  0316.7  8093.3  
2608.3  0366.5  8100.6  
3015.6  0349.9  8107.6  
2945.1  0399.6  8115.6  
2540.4  0316.7  8122.0  
2565.8  0482.5  8131.6  
4138.1  0366.5  8139.0  
1920.5  0150.9  8142.0  
3239.1  0300.1  8148.0  
3477.7  0250.4  8153.0  
2001.7  0067.9  8154.3  
2042.4  0134.3  8157.0  
3059.9  0333.3  8163.7  
1663.5  0150.9  8166.7  
2272.5  0399.6  8174.7  
2805.7  0432.8  8183.4  
2439.3  0383.0  8191.0  
2814.3  0366.5  8198.4  
3158.1  0333.3  8205.0  
3042.2  0184.0  8208.7  
2989.1  0184.0  8212.4  
3015.6  0217.2  8216.7  
2831.7  0101.1  8218.8  
2936.4  0101.1  8220.8  
3068.8  0018.2  8221.1  
3140.1  0001.6  8221.2  
3194.0  -0048.0 8220.2  
3781.1  -0081.2 8218.6  
3627.9  -0147.5 8215.6  
3330.1  -0247.0 8210.7  
3839.4  -0197.3 8206.8  
3742.5  -0280.2 8201.1  
3468.4  -0213.9 8196.9  
3771.4  -0197.3 8192.9  
3505.6  -0263.6 8187.7  
3394.4  -0197.3 8183.7  
3449.8  -0213.9 8179.4  
3086.6  -0147.5 8176.5  
3449.8  0001.6  8176.5  
3917.8  -0014.9 8176.2  
3203.0  -0031.5 8175.6  
3898.1  -0031.5 8174.9  
3713.7  -0048.0 8174.0  
3898.1  -0048.0 8173.0  
4128.0  -0048.0 8172.1  
3917.8  -0097.8 8170.1  
4429.9  -0147.5 8167.2  
4128.0  -0180.7 8163.5  
4516.0  -0213.9 8159.3  
4714.5  -0131.0 8156.6  
4179.0  -0280.2 8151.0  
4138.1  -0247.0 8146.1  
4240.8  -0296.8 8140.2  
3800.5  -0379.7 8132.6  
5135.9  -0280.2 8127.0  
2548.8  -0446.1 8118.0  
3839.4  -0197.3 8114.1  
3394.4  -0247.0 8109.1  
3375.9  -0247.0 8104.2  
3330.1  -0114.4 8101.9  
3742.5  -0131.0 8099.3  
3800.5  -0097.8 8097.3  
3937.5  -0131.0 8094.7  
4240.8  -0180.7 8091.1  
4408.6  -0247.0 8086.2  
4209.8  -0363.1 8078.9  
4516.0  -0412.9 8070.6  
4209.8  -0529.0 8060.1  
3907.9  -0479.2 8050.5  
4077.3  -0495.8 8040.6  
4027.1  -0562.1 8029.3  
3829.6  -0479.2 8019.7  
3543.1  -0529.0 8009.1  
3571.2  -0479.2 7999.6  
3561.8  -0363.1 7992.3  
3403.6  -0313.4 7986.0  
3385.1  -0280.2 7980.4  
3375.9  -0280.2 7974.8  
3403.6  -0213.9 7970.5  
3330.1  -0247.0 7965.6  
3515.0  -0180.7 7962.0  
3665.9  -0147.5 7959.0  
3685.0  -0230.5 7954.4  
3580.7  -0180.7 7950.8  
3561.8  -0247.0 7945.9  
3468.4  -0213.9 7941.6  
3293.6  -0147.5 7938.6  
3422.0  -0180.7 7935.0  
3375.9  -0081.2 7933.4  
3552.4  -0197.3 7929.4  
3275.4  -0147.5 7926.5  
3366.8  -0114.4 7924.2  
3212.0  -0097.8 7922.2  
3086.6  -0014.9 7921.9  
3122.2  -0064.6 7920.7  
3104.4  0001.6  7920.7  
3095.5  0001.6  7920.7  
3580.7  0018.2  7921.1  
2719.4  -0081.2 7919.5  
2676.5  -0014.9 7919.2  
2997.9  0001.6  7919.2  
2745.2  -0064.6 7917.9  
2875.2  -0014.9 7917.6  
2918.9  0018.2  7918.0  
2866.5  0001.6  7918.0  
3140.1  0001.6  7918.0  
3113.3  -0064.6 7916.7  
3006.8  -0014.9 7916.4  
2945.1  -0064.6 7915.1  
2702.2  0001.6  7915.2  
2565.8  0051.4  7916.2  
2745.2  0067.9  7917.6  
2531.9  0101.1  7919.6  
2206.4  0067.9  7921.0  
2107.8  0184.0  7924.6  
2214.6  0167.4  7928.0  
2091.4  0200.6  7932.0  
2189.9  0266.9  7937.3  
2206.4  0200.6  7941.4  
2264.2  0283.5  7947.0  
2364.0  0217.2  7951.4  
2372.3  0250.4  7956.4  
2633.8  0266.9  7961.7  
2330.6  0200.6  7965.7  
2702.2  0250.4  7970.7  
2297.4  0117.7  7973.1  
2422.5  0200.6  7977.1  
2165.2  0067.9  7978.5  
2083.2  0150.9  7981.5  
1961.0  0184.0  7985.2  
1727.4  0217.2  7989.5  
2042.4  0333.3  7996.2  
1888.2  0250.4  8001.2  
1560.0  0266.9  8006.5  
1711.4  0333.3  8013.2  
1735.4  0283.5  8018.9  
1855.9  0349.9  8025.9  
1839.8  0300.1  8031.9  
1815.6  0283.5  8037.5  
1944.8  0366.5  8044.9  
2042.4  0333.3  8051.5  
2173.4  0366.5  8058.9  
2034.2  0233.8  8063.5  
2050.5  0266.9  8068.9  
2231.1  0233.8  8073.6  
2042.4  0184.0  8077.2  
1791.5  0250.4  8082.2  
1735.4  0217.2  8086.6  
1767.4  0283.5  8092.3  
1568.0  0200.6  8096.3  
1719.4  0349.9  8103.3  
1855.9  0266.9  8108.6  
1615.7  0184.0  8112.3  
1449.2  0233.8  8117.0  
1512.5  0200.6  8121.0  
1807.6  0250.4  8126.0  
1888.2  0200.6  8130.0  
1743.4  0184.0  8133.7  
1743.4  0117.7  8136.0  
1759.4  0167.4  8139.4  
1904.3  0184.0  8143.1  
1767.4  0067.9  8144.4  
1575.9  0150.9  8147.4  
1520.4  0101.1  8149.5  
1536.2  0233.8  8154.1  
1441.3  0217.2  8158.5  
1346.8  0067.9  8159.9  
1639.5  0333.3  8166.5  
1323.3  0051.4  8167.6  
1042.1  0184.0  8171.2  
1088.8  0217.2  8175.6  
1182.3  0217.2  8179.9  
1378.3  0283.5  8185.6  
1291.9  0250.4  8190.6  
1198.0  0266.9  8195.9  
1158.9  0233.8  8200.6  
1378.3  0300.1  8206.6  
1433.4  0266.9  8212.0  
1244.9  0117.7  8214.3  
1284.0  0250.4  8219.3  
1221.4  0184.0  8223.0  
1198.0  0250.4  8228.0  
1143.3  0233.8  8232.7  
0949.0  0233.8  8237.4  
0956.7  0300.1  8243.4  
0894.8  0266.9  8248.7  
1081.0  0366.5  8256.0  
0918.0  0217.2  8260.4  
1003.3  0300.1  8266.4  
0941.2  0333.3  8273.1  
1034.3  0266.9  8278.4  
0941.2  0300.1  8284.4  
0825.2  0200.6  8288.4  
1057.7  0283.5  8294.1  
1182.3  0233.8  8298.8  
0887.1  0217.2  8303.1  
1190.1  0217.2  8307.4  
1081.0  0101.1  8309.5  
0879.3  0184.0  8313.2  
1096.6  0167.4  8316.5  
0848.4  0134.3  8319.2  
1011.0  0167.4  8322.5  
0809.8  0117.7  8324.9  
0724.9  0167.4  8328.2  
0748.1  0200.6  8332.3  
0802.1  0233.8  8336.9  
0755.8  0217.2  8341.3  
0717.2  0184.0  8345.0  
0809.8  0217.2  8349.3  
0648.0  0167.4  8352.7  
0771.2  0233.8  8357.3  
0594.1  0200.6  8361.3  
0663.3  0217.2  8365.7  
0640.3  0250.4  8370.7  
0632.6  0167.4  8374.0  
0632.6  0250.4  8379.1  
0678.7  0184.0  8382.7  
0540.4  0266.9  8388.1  
0655.6  0233.8  8392.8  
0532.7  0217.2  8397.1  
0486.6  0266.9  8402.4  
0425.3  0233.8  8407.1  
0517.3  0283.5  8412.8  
0379.3  0233.8  8417.5  
0371.7  0283.5  8423.1  
0494.3  0316.7  8429.5  
0379.3  0316.7  8435.8  
0463.6  0333.3  8442.5  
0348.7  0283.5  8448.1  
0272.2  0333.3  8454.8  
0356.4  0316.7  8461.1  
0379.3  0283.5  8466.8  
0417.6  0333.3  8473.5  
0548.0  0266.9  8478.8  
0456.0  0250.4  8483.8  
0402.3  0200.6  8487.8  
0417.6  0233.8  8492.5  
0371.7  0233.8  8497.2  
0318.1  0167.4  8500.5  
0149.8  0217.2  8504.9  
0172.7  0184.0  8508.6  
0195.7  0217.2  8512.9  
0256.9  0283.5  8518.6  
0256.9  0266.9  8523.9  
0295.1  0316.7  8530.3  
0241.6  0233.8  8534.9  
0203.3  0283.5  8540.6  
0318.1  0200.6  8544.6  
0264.5  0250.4  8549.6  
0287.5  0300.1  8555.6  
0287.5  0184.0  8559.3  
0264.5  0184.0  8563.0  
0203.3  0184.0  8566.7  
0287.5  0250.4  8571.7  
0203.3  0167.4  8575.0  
0073.3  0233.8  8579.7  
0035.1  0266.9  8585.0  
-0048.9 0217.2  8589.4  
-0087.1 0300.1  8595.4  
0019.8  0184.0  8599.1  
-0079.4 0316.7  8605.4  
-0048.9 0349.9  8612.4  
-0201.8 0266.9  8617.7  
-0247.7 0333.3  8624.4  
-0194.1 0349.9  8631.4  
-0117.7 0399.6  8639.4  
-0079.4 0399.6  8647.4  
-0186.5 0366.5  8654.7  
-0163.5 0349.9  8661.7  
0004.5  0316.7  8668.1  
-0041.2 0316.7  8674.4  
-0110.0 0349.9  8681.4  
-0102.4 0283.5  8687.1  
-0102.4 0283.5  8692.7  
-0064.2 0233.8  8697.4  
-0087.1 0300.1  8703.4  
-0209.4 0250.4  8708.4  
-0209.4 0266.9  8713.8  
-0255.3 0300.1  8719.8  
-0285.9 0316.7  8726.1  
-0232.4 0366.5  8733.4  
-0263.0 0300.1  8739.4  
-0370.1 0366.5  8746.8  
-0377.8 0316.7  8753.1  
-0255.3 0399.6  8761.1  
-0224.7 0416.2  8769.4  
-0240.0 0349.9  8776.4  
-0278.3 0399.6  8784.4  
-0316.5 0349.9  8791.4  
-0224.7 0416.2  8799.7  
-0393.1 0383.0  8807.4  
-0408.4 0399.6  8815.4  
-0423.8 0399.6  8823.4  
-0439.1 0366.5  8830.7  
-0347.2 0383.0  8838.4  
-0431.4 0432.8  8847.0  
-0416.1 0432.8  8855.7  
-0393.1 0466.0  8865.0  
-0423.8 0416.2  8873.3  
-0523.5 0432.8  8882.0  
-0546.5 0432.8  8890.7  
-0469.8 0466.0  8900.0  
-0569.5 0515.7  8910.3  
-0508.1 0482.5  8919.9  
-0531.2 0532.3  8930.6  
-0577.2 0482.5  8940.2  
-0631.0 0532.3  8950.9  
-0569.5 0532.3  8961.5  
-0608.0 0565.5  8972.8  
-0492.8 0565.5  8984.2  
-0477.4 0532.3  8994.8  
-0462.1 0582.0  9006.4  
-0469.8 0515.7  9016.8  
-0485.1 0582.0  9028.4  
-0385.5 0582.0  9040.0  
-0439.1 0565.5  9051.4  
-0462.1 0615.2  9063.7  
-0385.5 0515.7  9074.0  
-0431.4 0598.6  9085.9  
-0316.5 0532.3  9096.6  
-0500.5 0565.5  9107.9  
-0224.7 0598.6  9119.9  
-0347.2 0515.7  9130.2  
-0285.9 0565.5  9141.5  
-0201.8 0499.1  9151.5  
-0255.3 0532.3  9162.1  
-0155.9 0532.3  9172.8  
-0133.0 0482.5  9182.4  
-0178.8 0532.3  9193.1  
-0217.1 0466.0  9202.4  
-0224.7 0499.1  9212.4  
-0155.9 0449.4  9221.4  
-0155.9 0482.5  9231.0  
-0056.5 0515.7  9241.3  
-0079.4 0432.8  9250.0  
-0071.8 0499.1  9260.0  
0019.8  0466.0  9269.3  
0088.6  0499.1  9279.3  
0081.0  0482.5  9288.9  
0096.3  0466.0  9298.2  
0157.4  0466.0  9307.6  
0119.2  0399.6  9315.6  
0180.4  0432.8  9324.2  
0180.4  0366.5  9331.5  
0249.2  0399.6  9339.5  
0211.0  0449.4  9348.5  
0241.6  0349.9  9355.5  
0188.0  0449.4  9364.5  
0272.2  0349.9  9371.5  
0318.1  0399.6  9379.5  
0364.0  0416.2  9387.8  
0364.0  0416.2  9396.2  
0463.6  0416.2  9404.5  
0540.4  0349.9  9411.5  
0486.6  0366.5  9418.8  
0394.7  0233.8  9423.5  
0987.8  0416.2  9431.8  
0594.1  0217.2  9436.2  
0655.6  0233.8  9440.8  
0887.1  0250.4  9445.8  
0740.4  0167.4  9449.2  
0786.6  0200.6  9453.2  
0794.3  0217.2  9457.5  
0794.3  0117.7  9459.9  
0887.1  0217.2  9464.2  
0902.5  0217.2  9468.6  
0817.5  0184.0  9472.3  
0832.9  0217.2  9476.6  
0902.5  0233.8  9481.3  
1096.6  0250.4  9486.3  
1003.3  0150.9  9489.3  
1049.9  0233.8  9494.0  
0995.5  0184.0  9497.7  
1073.2  0217.2  9502.0  
1127.7  0200.6  9506.0  
1143.3  0184.0  9509.7  
1229.2  0184.0  9513.4  
1307.6  0134.3  9516.1  
1143.3  0134.3  9518.8  
1315.4  0067.9  9520.1  
1323.3  0067.9  9521.5  
1362.6  0084.5  9523.2  
1409.8  0034.8  9523.9  
1260.5  0084.5  9525.6  
1299.7  0018.2  9525.9  
1221.4  0051.4  9527.0  
1315.4  0084.5  9528.7  
1252.7  0117.7  9531.0  
1307.6  0150.9  9534.0  
1315.4  0101.1  9536.1  
1362.6  0150.9  9539.1  
1346.8  0167.4  9542.4  
1409.8  0184.0  9546.1  
1433.4  0184.0  9549.8  
1528.3  0134.3  9552.5  
1552.1  0184.0  9556.1  
1575.9  0150.9  9559.2  
1488.7  0134.3  9561.9  
1536.2  0167.4  9565.2  
1544.2  0134.3  9567.9  
1441.3  0184.0  9571.6  
1401.9  0134.3  9574.3  
1299.7  0217.2  9578.6  
1307.6  0217.2  9582.9  
1354.7  0266.9  9588.3  
1496.6  0300.1  9594.3  
1607.7  0266.9  9599.6  
1663.5  0333.3  9606.3  
1615.7  0300.1  9612.3  
1783.5  0349.9  9619.3  
1864.0  0217.2  9623.6  
1823.7  0266.9  9629.0  
1920.5  0217.2  9633.3  
1823.7  0150.9  9636.3  
1663.5  0233.8  9641.0  
1864.0  0184.0  9644.7  
1912.4  0217.2  9649.0  
1783.5  0217.2  9653.4  
1920.5  0184.0  9657.1  
1847.8  0200.6  9661.1  
1695.4  0167.4  9664.4  
1928.6  0217.2  9668.8  
1839.8  0283.5  9674.5  
1888.2  0200.6  9678.5  
1936.7  0266.9  9683.8  
1985.4  0250.4  9688.8  
1993.5  0300.1  9694.8  
2124.2  0233.8  9699.5  
2247.7  0217.2  9703.8  
2247.7  0366.5  9711.2  
2314.0  0167.4  9714.5  
2430.9  0150.9  9717.5  
2439.3  0067.9  9718.9  
2405.7  0034.8  9719.6  
2422.5  0051.4  9720.6  
2447.7  0001.6  9720.7  
2447.7  0018.2  9721.0  
2355.6  -0081.2 9719.4  
2322.3  -0048.0 9718.4  
2173.4  -0081.2 9716.8  
2272.5  0034.8  9717.5  
2447.7  0067.9  9718.9  
2523.5  0001.6  9718.9  
2736.6  0067.9  9720.3  
2506.6  -0014.9 9720.0  
2397.4  0034.8  9720.7  
2531.9  0034.8  9721.4  
2659.4  0067.9  9722.7  
2753.8  0067.9  9724.1  
2875.2  0001.6  9724.1  
2805.7  0001.6  9724.1  
2910.1  -0081.2 9722.5  
3194.0  -0014.9 9722.2  
3095.5  -0064.6 9720.9  
3167.0  -0164.1 9717.6  
2936.4  -0180.7 9714.0  
2753.8  -0230.5 9709.4  
2918.9  -0131.0 9706.8  
2971.5  -0097.8 9704.8  
2910.1  -0147.5 9701.9  
2753.8  -0097.8 9699.9  
2719.4  -0147.5 9697.0  
2616.8  -0048.0 9696.0  
2414.1  0018.2  9696.4  
2165.2  0051.4  9697.4  
2280.8  0167.4  9700.8  
2397.4  0184.0  9704.4  
2222.9  0250.4  9709.4  
2083.2  0233.8  9714.1  
2372.3  0399.6  9722.1  
2685.1  0432.8  9730.8  
2693.7  0399.6  9738.8  
3167.0  0466.0  9748.1  
3176.0  0233.8  9752.8  
3311.8  0233.8  9757.4  
3158.1  0134.3  9760.1  
2883.9  0150.9  9763.1  
2840.4  0051.4  9764.2  
2840.4  0001.6  9764.2  
2875.2  0034.8  9764.9  
2625.3  0001.6  9764.9  
2574.3  0034.8  9765.6  
2531.9  0117.7  9768.0  
2464.5  0117.7  9770.3  
2422.5  0184.0  9774.0  
2557.3  0266.9  9779.4  
2506.6  0250.4  9784.4  
2548.8  0333.3  9791.0  
2548.8  0349.9  9798.0  
2616.8  0416.2  9806.4  
2945.1  0349.9  9813.4  
2936.4  0399.6  9821.4  
3077.7  0333.3  9828.0  
3385.1  0283.5  9833.7  
3459.1  0250.4  9838.7  
3422.0  0167.4  9842.0  
3487.0  0167.4  9845.4  
3394.4  0018.2  9845.8  
3212.0  0051.4  9846.8  
3257.3  0001.6  9846.8  
3275.4  0018.2  9847.2  
3113.3  0067.9  9848.6  
3140.1  0034.8  9849.3  
3122.2  0117.7  9851.6  
3042.2  0067.9  9853.0  
3203.0  0134.3  9855.7  
3095.5  0134.3  9858.3  
3221.1  0167.4  9861.7  
3440.5  0134.3  9864.4  
3515.0  0001.6  9864.4  
3858.9  0051.4  9865.4  
4037.1  -0064.6 9864.1  
4271.9  -0114.4 9861.9  
4209.8  -0180.7 9858.2  
4251.1  -0280.2 9852.6  
4128.0  -0280.2 9847.0  
3947.4  -0379.7 9839.4  
4138.1  -0346.6 9832.5  
4158.5  -0330.0 9825.9  
3888.3  -0379.7 9818.3  
3987.1  -0363.1 9811.0  
4037.1  -0396.3 9803.1  
3829.6  -0379.7 9795.5  
3713.7  -0396.3 9787.6  
3771.4  -0379.7 9780.0  
3849.1  -0330.0 9773.4  
3800.5  -0412.9 9765.1  
3898.1  -0346.6 9758.2  
3888.3  -0379.7 9750.6  
4047.1  -0346.6 9743.7  
4067.2  -0462.6 9734.4  
4199.5  -0446.1 9725.5  
4376.8  -0462.6 9716.2  
4366.2  -0562.1 9705.0  
4494.3  -0562.1 9693.8  
4636.4  -0661.6 9680.5  
4614.3  -0694.8 9666.6  
4647.5  -0744.6 9651.7  
4366.2  -0777.7 9636.2  
4376.8  -0744.6 9621.3  
4419.3  -0827.5 9604.7  
3917.8  -0844.1 9587.9  
3800.5  -0744.6 9573.0  
3819.9  -0761.1 9557.7  
3627.9  -0694.8 9543.8  
3468.4  -0711.4 9529.6  
3571.2  -0661.6 9516.4  
3375.9  -0678.2 9502.8  
3221.1  -0628.5 9490.2  
3194.0  -0512.4 9480.0  
3385.1  -0545.6 9469.1  
3385.1  -0446.1 9460.2  
3524.3  -0512.4 9449.9  
3732.9  -0529.0 9439.3  
3675.4  -0512.4 9429.1  
3609.0  -0611.9 9416.8  
3203.0  -0611.9 9404.6  
3158.1  -0678.2 9391.0  
2633.8  -0661.6 9377.8  
2447.7  -0628.5 9365.2  
2124.2  -0479.2 9355.7  
2116.0  -0363.1 9348.4  
1944.8  -0313.4 9342.1  
1985.4  -0180.7 9338.5  
2034.2  -0147.5 9335.6  
2026.1  -0014.9 9335.3  
2075.0  0067.9  9336.6  
2083.2  0034.8  9337.3  
2050.5  0117.7  9339.7  
1864.0  0051.4  9340.7  
1855.9  0067.9  9342.1  
1807.6  0101.1  9344.1  
1536.2  0134.3  9346.8  
1528.3  0217.2  9351.1  
1346.8  0184.0  9354.8  
1237.0  0283.5  9360.5  
1073.2  0283.5  9366.1  
1049.9  0349.9  9373.1  
1034.3  0416.2  9381.5  
0894.8  0416.2  9389.8  
0871.6  0499.1  9399.8  
0701.8  0499.1  9409.7  
0778.9  0548.9  9420.7  
0809.8  0598.6  9432.7  
0748.1  0582.0  9444.3  
0840.7  0615.2  9456.6  
0686.4  0515.7  9467.0  
0686.4  0615.2  9479.3  
0871.6  0515.7  9489.6  
0663.3  0548.9  9500.6  
0540.4  0548.9  9511.5  
0241.6  0598.6  9523.5  
0740.4  0731.3  9538.1  
0609.5  0698.1  9552.1  
0763.5  0681.5  9565.7  
0740.4  0582.0  9577.4  
0310.4  0631.8  9590.0  
0540.4  0731.3  9604.6  
0671.0  0665.0  9617.9  
0724.9  0714.7  9632.2  
0632.6  0582.0  9643.9  
0448.3  0565.5  9655.2  
0371.7  0648.4  9668.2  
0433.0  0631.8  9680.8  
0517.3  0615.2  9693.1  
0548.0  0565.5  9704.4  
0440.6  0548.9  9715.4  
0356.4  0466.0  9724.7  
0548.0  0499.1  9734.7  
0694.1  0515.7  9745.0  
0748.1  0349.9  9752.0  
0724.9  0349.9  9759.0  
0817.5  0217.2  9763.3  
0701.8  0184.0  9767.0  
0594.1  0167.4  9770.4  
0471.3  0051.4  9771.4  
0918.0  0167.4  9774.8  
0287.5  -0180.7 9771.1  
0272.2  0117.7  9773.5  
0794.3  0084.5  9775.2  
-0278.3 0051.4  9776.2  
0272.2  0200.6  9780.2  
1182.3  0150.9  9783.2  
0302.8  0067.9  9784.6  
1331.1  0184.0  9788.3  
0624.9  0150.9  9791.3  
0341.0  -0048.0 9790.3  
0972.2  0117.7  9792.7  
0540.4  0018.2  9793.1  
-0354.8 0018.2  9793.4  
0165.1  0200.6  9797.4  
0172.7  0184.0  9801.1  
-0079.4 0300.1  9807.1  
0256.9  0366.5  9814.5  
0218.6  0333.3  9821.1  
0356.4  0399.6  9829.1  
0440.6  0333.3  9835.8  
0256.9  0316.7  9842.1  
0440.6  0233.8  9846.8  
0180.4  0250.4  9851.8  
0188.0  0316.7  9858.1  
0035.1  0217.2  9862.5  
-0209.4 0283.5  9868.2  
-0255.3 0283.5  9873.8  
-0087.1 0399.6  9881.8  
-0186.5 0449.4  9890.8  
0027.5  0416.2  9899.1  
0203.3  0466.0  9908.4  
-0110.0 0316.7  9914.8  
-0446.8 0366.5  9922.1  
-0485.1 0399.6  9930.1  
-0584.9 0366.5  9937.4  
-0485.1 0499.1  9947.4  
-0523.5 0432.8  9956.1  
-0554.2 0449.4  9965.1  
-0469.8 0532.3  9975.7  
-0408.4 0482.5  9985.4  
-0354.8 0466.0  9994.7  
-0408.4 0416.2  0003.0  
-0285.9 0399.6  0011.0  
-0408.4 0266.9  0016.3  
-0531.2 0316.7  0022.7  
-0584.9 0316.7  0029.0  
-0600.3 0333.3  0035.7  
-0669.5 0316.7  0042.0  
-0654.1 0333.3  0048.7  
-0715.7 0349.9  0055.7  
-0546.5 0349.9  0062.7  
-0569.5 0349.9  0069.7  
-0546.5 0383.0  0077.3  
-0638.7 0266.9  0082.7  
-0623.3 0333.3  0089.4  
-0746.5 0250.4  0094.4  
-0708.0 0266.9  0099.7  
-0846.8 0200.6  0103.7  
-0777.4 0200.6  0107.7  
-0978.5 0250.4  0112.7  
-0102.4 0217.2  0117.1  
-2155.3 0051.4  0118.1  
-0485.1 0383.0  0125.8  
-1749.8 0217.2  0130.1  
-0048.9 0333.3  0136.8  
-0877.8 0250.4  0141.8  
-0354.8 0349.9  0148.8  
-0962.9 0184.0  0152.5  
-0692.6 0300.1  0158.5  
-0924.2 0333.3  0165.1  
-0508.1 0416.2  0173.5  
-0731.1 0366.5  0180.8  
-0715.7 0399.6  0188.8  
-0577.2 0466.0  0198.1  
-0577.2 0416.2  0206.4  
-0955.2 0449.4  0215.4  
-0102.4 0582.0  0227.1  
-0584.9 0349.9  0234.1  
-0792.8 0383.0  0241.7  
-0731.1 0333.3  0248.4  
-0823.7 0300.1  0254.4  
-1165.2 0300.1  0260.4  
-1353.1 0283.5  0266.1  
-0761.9 0399.6  0274.1  
-2163.6 0134.3  0276.7  
-2016.3 0349.9  0283.7  
-0584.9 0615.2  0296.0  
-3759.8 0383.0  0303.7  
1057.7  0930.3  0322.3  
-1384.6 0399.6  0330.3  
-0561.9 0598.6  0342.3  
-1126.2 0432.8  0350.9  
-0870.0 0432.8  0359.6  
-0947.4 0532.3  0370.2  
-0901.0 0532.3  0380.9  
-1204.2 0532.3  0391.5  
-1102.8 0548.9  0402.5  
-1165.2 0681.5  0416.2  
-1243.3 0764.5  0431.4  
-0994.0 0830.8  0448.1  
-0870.0 0864.0  0465.3  
-0754.2 0764.5  0480.6  
-1071.7 0797.6  0496.6  
-1095.0 0830.8  0513.2  
-1040.6 0880.5  0530.8  
-0531.2 0930.3  0549.4  
-1251.1 0747.9  0564.4  
-1479.2 0814.2  0580.7  
-1345.3 0814.2  0596.9  
-1204.2 0864.0  0614.2  
-1376.7 0830.8  0630.8  
-1149.6 0897.1  0648.8  
-1079.4 0946.9  0667.7  
-1110.6 0797.6  0683.7  
-0970.7 0847.4  0700.6  
-0846.8 0764.5  0715.9  
-0692.6 0698.1  0729.9  
-0538.8 0565.5  0741.2  
-0777.4 0532.3  0751.8  
-0638.7 0499.1  0761.8  
-0831.4 0366.5  0769.2  
-1063.9 0399.6  0777.1  
-0823.7 0366.5  0784.5  
-0823.7 0466.0  0793.8  
-0469.8 0532.3  0804.4  
-0354.8 0432.8  0813.1  
-0561.9 0399.6  0821.1  
-0347.2 0399.6  0829.1  
-0293.6 0399.6  0837.1  
-0125.3 0416.2  0845.4  
-0255.3 0333.3  0852.1  
-0247.7 0416.2  0860.4  
-0133.0 0333.3  0867.1  
-0247.7 0333.3  0873.7  
-0217.1 0383.0  0881.4  
-0224.7 0333.3  0888.1  
-0171.2 0383.0  0895.7  
-0263.0 0333.3  0902.4  
-0240.0 0366.5  0909.7  
-0240.0 0333.3  0916.4  
-0201.8 0300.1  0922.4  
-0148.2 0366.5  0929.7  
-0025.9 0349.9  0936.7  
0126.8  0349.9  0943.7  
0256.9  0233.8  0948.4  
0188.0  0250.4  0953.4  
0318.1  0217.2  0957.7  
0394.7  0200.6  0961.8  
0525.0  0167.4  0965.1  
0394.7  0067.9  0966.5  
0486.6  0167.4  0969.8  
0348.7  0067.9  0971.2  
0256.9  0167.4  0974.5  
0142.1  0117.7  0976.9  
0249.2  0134.3  0979.6  
0333.4  0233.8  0984.3  
0433.0  0134.3  0986.9  
0318.1  0167.4  0990.3  
0295.1  0167.4  0993.6  
0333.4  0217.2  0998.0  
0425.3  0250.4  1003.0  
0479.0  0233.8  1007.7  
0517.3  0283.5  1013.3  
0586.5  0217.2  1017.7  
0980.0  0217.2  1022.0  
0463.6  0167.4  1025.4  
1073.2  0184.0  1029.1  
1011.0  0150.9  1032.1  
0609.5  0001.6  1032.1  
0887.1  0067.9  1033.5  
0856.1  0018.2  1033.8  
0601.8  0001.6  1033.9  
0902.5  0101.1  1035.9  
0794.3  0001.6  1035.9  
0724.9  0117.7  1038.3  
0694.1  0067.9  1039.6  
0648.0  0150.9  1042.7  
0740.4  0200.6  1046.7  
0709.5  0184.0  1050.4  
0724.9  0283.5  1056.0  
0724.9  0217.2  1060.4  
0709.5  0333.3  1067.0  
0802.1  0300.1  1073.0  
0879.3  0349.9  1080.0  
0840.7  0349.9  1087.0  
0918.0  0300.1  1093.0  
1104.3  0349.9  1100.0  
1151.1  0250.4  1105.1  
1182.3  0250.4  1110.1  
1409.8  0217.2  1114.4  
1362.6  0051.4  1115.4  
1472.9  0117.7  1117.8  
1472.9  0001.6  1117.8  
1394.0  -0048.0 1116.9  
1425.6  -0048.0 1115.9  
1213.6  -0064.6 1114.6  
1409.8  0018.2  1115.0  
1346.8  -0081.2 1113.3  
1433.4  0001.6  1113.4  
1339.0  -0048.0 1112.4  
1401.9  -0014.9 1112.1  
1504.6  0051.4  1113.1  
1496.6  -0014.9 1112.8  
1409.8  0051.4  1113.9  
1394.0  0018.2  1114.2  
1480.8  0117.7  1116.6  
1504.6  0034.8  1117.3  
1528.3  0101.1  1119.3  
1695.4  0117.7  1121.7  
1639.5  0051.4  1122.7  
1623.6  0117.7  1125.1  
1743.4  0018.2  1125.4  
1687.4  0034.8  1126.1  
1743.4  0067.9  1127.5  
1607.7  0051.4  1128.5  
1647.5  0067.9  1129.9  
1591.8  0018.2  1130.2  
1433.4  0051.4  1131.3  
1599.7  0051.4  1132.3  
1496.6  0167.4  1135.6  
1504.6  0184.0  1139.3  
1544.2  0167.4  1142.7  
1647.5  0266.9  1148.0  
1488.7  0217.2  1152.4  
1409.8  0283.5  1158.0  
1520.4  0383.0  1165.7  
1528.3  0416.2  1174.0  
1583.8  0466.0  1183.3  
1520.4  0383.0  1191.0  
1727.4  0449.4  1200.0  
1775.5  0482.5  1209.6  
1839.8  0449.4  1218.6  
1961.0  0482.5  1228.3  
1944.8  0333.3  1235.0  
1839.8  0349.9  1241.9  
1880.1  0283.5  1247.6  
2009.8  0316.7  1254.0  
1839.8  0300.1  1260.0  
1512.5  0250.4  1265.0  
1928.6  0316.7  1271.3  
1815.6  0266.9  1276.6  
1872.0  0266.9  1282.0  
1823.7  0200.6  1286.0  
2050.5  0233.8  1290.7  
1920.5  0217.2  1295.0  
2001.7  0184.0  1298.7  
1952.9  0233.8  1303.4  
1855.9  0167.4  1306.7  
2042.4  0233.8  1311.4  
2017.9  0233.8  1316.1  
2132.4  0250.4  1321.1  
2256.0  0283.5  1326.8  
2107.8  0184.0  1330.4  
2247.7  0250.4  1335.4  
2314.0  0200.6  1339.5  
2422.5  0233.8  1344.1  
2659.4  0283.5  1349.8  
2650.9  0150.9  1352.8  
2447.7  0217.2  1357.2  
2702.2  0167.4  1360.5  
2565.8  0150.9  1363.5  
2728.0  0200.6  1367.5  
2693.7  0134.3  1370.2  
2506.6  0233.8  1374.9  
2840.4  0217.2  1379.3  
2314.0  0200.6  1383.3  
2058.7  0482.5  1392.9  
3694.5  0449.4  1401.9  
2017.9  0233.8  1406.6  
3800.5  0349.9  1413.6  
2771.1  0233.8  1418.3  
4148.3  0233.8  1422.9  
1839.8  0001.6  1423.0  
3284.5  0283.5  1428.6  
2840.4  0034.8  1429.3  
2642.3  0134.3  1432.0  
2892.6  0150.9  1435.0  
2989.1  0167.4  1438.4  
3185.0  0051.4  1439.4  
3015.6  0101.1  1441.4  
3357.6  0167.4  1444.8  
2953.9  -0064.6 1443.5  
3033.3  0018.2  1443.9  
3095.5  -0031.5 1443.2  
2831.7  -0048.0 1442.3  
2280.8  0034.8  1443.0  
3086.6  0167.4  1446.3  
3212.0  0233.8  1451.0  
3487.0  0184.0  1454.7  
3675.4  0250.4  1459.7  
3957.3  0233.8  1464.4  
3599.5  0167.4  1467.7  
6747.2  0250.4  1472.7  
3459.1  -0180.7 1469.1  
6019.6  0018.2  1469.5  
3552.4  -0396.3 1461.5  
3646.9  -0280.2 1455.9  
3176.0  -0313.4 1449.7  
2918.9  -0180.7 1446.0  
2883.9  -0164.1 1442.8  
2702.2  -0131.0 1440.1  
3284.5  0067.9  1441.5  
3618.4  0001.6  1441.5  
3685.0  0001.6  1441.6  
4261.5  -0014.9 1441.3  
5753.7  -0180.7 1437.6  
3524.3  -0446.1 1428.7  
3543.1  -0479.2 1419.1  
3800.5  -0429.5 1410.5  
3221.1  -0396.3 1402.6  
3095.5  -0346.6 1395.7  
2927.6  -0263.6 1390.4  
2980.3  -0313.4 1384.1  
4017.1  -0114.4 1381.9  
5039.1  0001.6  1381.9  
3403.6  -0263.6 1376.6  
4570.4  -0014.9 1376.3  
3515.0  -0280.2 1370.7  
5753.7  -0131.0 1368.1  
1823.7  -0479.2 1358.5  
4505.2  -0064.6 1357.2  
2971.5  -0230.5 1352.6  
3140.1  -0048.0 1351.6  
4148.3  0134.3  1354.3  
3752.1  -0097.8 1352.4  
3561.8  -0064.6 1351.1  
3385.1  -0097.8 1349.1  
3967.2  0001.6  1349.2  
3618.4  -0048.0 1348.2  
3158.1  -0147.5 1345.2  
3487.0  -0081.2 1343.6  
3752.1  -0114.4 1341.3  
3618.4  -0131.0 1338.7  
3599.5  -0081.2 1337.1  
4037.1  -0131.0 1334.5  
4313.7  -0247.0 1329.5  
3723.3  -0412.9 1321.3  
2668.0  -0396.3 1313.3  
3627.9  -0379.7 1305.7  
2728.0  -0479.2 1296.1  
2608.3  -0280.2 1290.5  
3266.3  -0263.6 1285.3  
3042.2  -0197.3 1281.3  
3302.7  -0197.3 1277.4  
3194.0  -0197.3 1273.4  
2936.4  -0147.5 1270.5  
3487.0  -0048.0 1269.5  
3947.4  -0097.8 1267.6  
3713.7  -0164.1 1264.3  
3713.7  -0164.1 1261.0  
3646.9  -0197.3 1257.0  
3468.4  -0147.5 1254.1  
3449.8  -0147.5 1251.1  
3543.1  -0131.0 1248.5  
3487.0  -0081.2 1246.9  
3440.5  -0147.5 1243.9  
3571.2  -0097.8 1242.0  
3194.0  -0081.2 1240.4  
3571.2  -0014.9 1240.1  
3732.9  -0048.0 1239.1  
3158.1  -0131.0 1236.5  
3302.7  -0064.6 1235.2  
3059.9  -0081.2 1233.6  
2997.9  -0031.5 1232.9  
3059.9  0051.4  1234.0  
3149.1  0051.4  1235.0  
3024.4  0134.3  1237.7  
3140.1  0101.1  1239.7  
3140.1  0167.4  1243.0  
2971.5  0134.3  1245.7  
3618.4  0134.3  1248.4  
3104.4  0084.5  1250.1  
3230.1  0018.2  1250.5  
2989.1  0034.8  1251.2  
3051.0  0018.2  1251.5  
2883.9  0067.9  1252.9  
2901.4  0117.7  1255.3  
2728.0  0018.2  1255.6  
2797.0  0067.9  1257.0  
2971.5  0001.6  1257.0  
2883.9  0067.9  1258.4  
2710.8  0051.4  1259.4  
2693.7  -0048.0 1258.4  
2625.3  0051.4  1259.5  
2702.2  0018.2  1259.8  
2540.4  0101.1  1261.9  
2719.4  0134.3  1264.5  
2405.7  0034.8  1265.2  
2892.6  0150.9  1268.3  
2962.7  0034.8  1269.0  
2745.2  0101.1  1271.0  
2805.7  0018.2  1271.3  
2980.3  -0014.9 1271.0  
2693.7  0001.6  1271.1  
2633.8  0018.2  1271.4  
2599.8  0018.2  1271.8  
2380.7  -0031.5 1271.2  
2498.2  0018.2  1271.5  
2414.1  -0031.5 1270.9  
2272.5  0018.2  1271.3  
2397.4  0034.8  1272.0  
2322.3  0018.2  1272.3  
2264.2  0117.7  1274.7  
2272.5  0018.2  1275.1  
2116.0  0101.1  1277.1  
2001.7  0034.8  1277.8  
2107.8  0134.3  1280.5  
1993.5  0217.2  1284.8  
1920.5  0200.6  1288.8  
1936.7  0250.4  1293.8  
1815.6  0233.8  1298.5  
1855.9  0366.5  1305.8  
1928.6  0416.2  1314.2  
2001.7  0399.6  1322.2  
1904.3  0416.2  1330.5  
2083.2  0399.6  1338.5  
2124.2  0366.5  1345.8  
1961.0  0349.9  1352.8  
1896.3  0266.9  1358.1  
1823.7  0300.1  1364.1  
1815.6  0283.5  1369.8  
1727.4  0300.1  1375.8  
1872.0  0300.1  1381.8  
1872.0  0283.5  1387.5  
1888.2  0283.5  1393.2  
1815.6  0167.4  1396.5  
1880.1  0233.8  1401.2  
1599.7  0150.9  1404.2  
1560.0  0217.2  1408.6  
1719.4  0233.8  1413.2  
1520.4  0217.2  1417.6  
1695.4  0266.9  1422.9  
1615.7  0200.6  1426.9  
1783.5  0283.5  1432.6  
1751.4  0233.8  1437.3  
1727.4  0233.8  1441.9  
1783.5  0217.2  1446.3  
1775.5  0167.4  1449.6  
1888.2  0200.6  1453.7  
1727.4  0134.3  1456.3  
1719.4  0101.1  1458.4  
1615.7  0101.1  1460.4  
1536.2  0051.4  1461.4  
1639.5  0134.3  1464.1  
1560.0  0051.4  1465.1  
1575.9  0101.1  1467.2  
1465.0  0067.9  1468.5  
1496.6  0084.5  1470.2  
1560.0  0150.9  1473.2  
1457.1  0117.7  1475.6  
1394.0  0167.4  1478.9  
1457.1  0134.3  1481.6  
1401.9  0200.6  1485.6  
1520.4  0233.8  1490.3  
1433.4  0167.4  1493.7  
1496.6  0266.9  1499.0  
1472.9  0184.0  1502.7  
1465.0  0233.8  1507.4  
1623.6  0150.9  1510.4  
1504.6  0150.9  1513.4  
1276.2  0134.3  1516.1  
1003.3  0051.4  1517.1  
0956.7  0184.0  1520.8  
0956.7  0167.4  1524.1  
0933.5  0217.2  1528.5  
1042.1  0300.1  1534.5  
1151.1  0283.5  1540.2  
1284.0  0233.8  1544.8  
0980.0  0134.3  1547.5  
0794.3  0184.0  1551.2  
0802.1  0217.2  1555.5  
0863.9  0250.4  1560.6  
0794.3  0266.9  1565.9  
0724.9  0217.2  1570.2  
0778.9  0300.1  1576.2  
0832.9  0333.3  1582.9  
0887.1  0349.9  1589.9  
0802.1  0349.9  1596.9  
0717.2  0266.9  1602.2  
0732.6  0333.3  1608.9  
0848.4  0266.9  1614.3  
0617.2  0316.7  1620.6  
0640.3  0283.5  1626.3  
0740.4  0333.3  1632.9  
0663.3  0316.7  1639.3  
0532.7  0266.9  1644.6  
0594.1  0333.3  1651.3  
0540.4  0283.5  1656.9  
0563.4  0333.3  1663.6  
0517.3  0383.0  1671.3  
0632.6  0316.7  1677.6  
0671.0  0333.3  1684.3  
0617.2  0300.1  1690.3  
0617.2  0283.5  1695.9  
0624.9  0233.8  1700.6  
0748.1  0250.4  1705.6  
0771.2  0217.2  1710.0  
0632.6  0167.4  1713.3  
0686.4  0167.4  1716.7  
0617.2  0101.1  1718.7  
0563.4  0134.3  1721.4  
0425.3  0134.3  1724.1  
0532.7  0167.4  1727.4  
0540.4  0184.0  1731.1  
0532.7  0150.9  1734.1  
0525.0  0184.0  1737.8  
0586.5  0051.4  1738.8  
0479.0  0150.9  1741.9  
0555.7  0184.0  1745.5  
0532.7  0101.1  1747.6  
0517.3  0117.7  1749.9  
0486.6  0018.2  1750.3  
0555.7  0101.1  1752.3  
0548.0  0084.5  1754.0  
0609.5  0051.4  1755.0  
0548.0  0001.6  1755.1  
0486.6  -0064.6 1753.8  
0463.6  -0097.8 1751.8  
0287.5  -0097.8 1749.8  
0279.8  -0097.8 1747.9  
0096.3  -0114.4 1745.6  
0042.8  -0097.8 1743.6  
0019.8  -0048.0 1742.7  
-0354.8 -0031.5 1742.1  
-0186.5 0001.6  1742.1  
1190.1  0067.9  1743.4  
-2196.5 -0230.5 1738.8  
0333.4  0250.4  1743.8  
-0962.9 -0048.0 1742.9  
-0293.6 0200.6  1746.9  
0417.6  0217.2  1751.2  
-2000.0 0134.3  1753.9  
2099.6  0449.4  1762.9  
-0893.2 -0081.2 1761.3  
0004.5  0266.9  1766.6  
-0492.8 0117.7  1769.0  
-0692.6 0167.4  1772.3  
-0071.8 0283.5  1778.0  
-0293.6 0283.5  1783.7  
-0931.9 0316.7  1790.0  
0371.7  0416.2  1798.3  
-0416.1 0217.2  1802.7  
-0094.7 0333.3  1809.3  
-0492.8 0333.3  1816.0  
-0608.0 0366.5  1823.3  
-0285.9 0449.4  1832.3  
-0469.8 0466.0  1841.7  
-0554.2 0499.1  1851.6  
-0408.4 0615.2  1863.9  
-0240.0 0631.8  1876.6  
-0178.8 0582.0  1888.2  
-0209.4 0582.0  1899.9  
-0148.2 0532.3  1910.5  
-0163.5 0482.5  1920.2  
-0684.9 0399.6  1928.2  
-0354.8 0449.4  1937.1  
0081.0  0432.8  1945.8  
-0684.9 0184.0  1949.5  
-0577.2 0250.4  1954.5  
-0715.7 0184.0  1958.2  
-0692.6 0233.8  1962.8  
-0577.2 0300.1  1968.8  
-0538.8 0200.6  1972.9  
0279.8  0217.2  1977.2  
-1447.6 -0048.0 1976.2  
-0308.9 0217.2  1980.6  
-0462.1 0034.8  1981.3  
-0785.1 0051.4  1982.3  
-0393.1 0101.1  1984.3  
-0263.0 0051.4  1985.4  
-1321.7 0051.4  1986.4  
0126.8  0150.9  1989.4  
-0692.6 -0014.9 1989.1  
-0485.1 0150.9  1992.1  
-0684.9 0051.4  1993.2  
-0708.0 0084.5  1994.9  
-0423.8 0051.4  1995.9  
-0454.4 0101.1  1997.9  
-0600.3 0067.9  1999.3  
-0677.2 0134.3  2001.9  
-0792.8 0184.0  2005.6  
-0646.4 0167.4  2009.0  
-1017.3 0184.0  2012.7  
-1009.5 0200.6  2016.7  
-1079.4 0283.5  2022.3  
-1219.8 0366.5  2029.7  
-1165.2 0300.1  2035.7  
-1196.4 0416.2  2044.0  
-1110.6 0333.3  2050.7  
-1274.6 0383.0  2058.3  
-1173.0 0316.7  2064.7  
-1110.6 0333.3  2071.3  
-1032.8 0349.9  2078.3  
-1282.5 0217.2  2082.7  
-0970.7 0266.9  2088.0  
-0877.8 0117.7  2090.4  
-1095.0 0117.7  2092.7  
-1243.3 0134.3  2095.4  
-1298.2 0117.7  2097.8  
-1196.4 0150.9  2100.8  
-1376.7 0051.4  2101.8  
-1749.8 0134.3  2104.5  
-7502.4 -0064.6 2103.2  
-4712.3 1029.8  2123.8  
-0110.0 1643.4  2156.7  
-0071.8 1129.3  2179.3  
-0324.2 0930.3  2197.9  
-0769.6 0598.6  2209.8  
-1910.8 0466.0  2219.2  
-1693.8 0631.8  2231.8  
-1439.8 0631.8  2244.4  
-0877.8 0781.0  2260.1  
-1266.8 0548.9  2271.0  
-1733.8 0515.7  2281.4  
-1416.1 0548.9  2292.3  
-1439.8 0532.3  2303.0  
-1606.1 0582.0  2314.6  
-1306.0 0565.5  2325.9  
-0754.2 0598.6  2337.9  
-1251.1 0416.2  2346.2  
-1590.2 0432.8  2354.9  
-1337.4 0548.9  2365.9  
-1313.8 0515.7  2376.2  
-1071.7 0548.9  2387.2  
-1243.3 0432.8  2395.8  
-1345.3 0399.6  2403.8  
-1134.0 0399.6  2411.8  
-1141.8 0383.0  2419.5  
-1204.2 0399.6  2427.5  
-1282.5 0333.3  2434.1  
-1157.4 0399.6  2442.1  
-1749.8 0333.3  2448.8  
-1439.8 0383.0  2456.4  
-1463.4 0399.6  2464.4  
-1503.0 0383.0  2472.1  
-1439.8 0416.2  2480.4  
-1487.2 0399.6  2488.4  
-1329.5 0399.6  2496.4  
-2555.6 0316.7  2502.7  
-2073.4 0565.5  2514.1  
-2097.9 0648.4  2527.0  
-2040.7 0698.1  2541.0  
-1173.0 0847.4  2557.9  
-1590.2 0631.8  2570.6  
-1542.6 0714.7  2584.9  
-1149.6 0714.7  2599.2  
-1243.3 0532.3  2609.8  
-1361.0 0582.0  2621.5  
-1219.8 0515.7  2631.8  
-1063.9 0532.3  2642.4  
-1040.6 0466.0  2651.7  
-1056.1 0499.1  2661.7  
-0931.9 0482.5  2671.4  
-1063.9 0383.0  2679.0  
-1102.8 0432.8  2687.7  
-1071.7 0399.6  2695.7  
-1102.8 0449.4  2704.7  
-1025.0 0449.4  2713.7  
-1032.8 0482.5  2723.3  
-0994.0 0499.1  2733.3  
-1009.5 0416.2  2741.6  
-1313.8 0482.5  2751.3  
-1180.8 0466.0  2760.6  
-1141.8 0499.1  2770.6  
-1087.2 0565.5  2781.9  
-1259.0 0466.0  2791.2  
-1118.4 0548.9  2802.2  
-1126.2 0532.3  2812.8  
-1017.3 0598.6  2824.8  
-0916.5 0582.0  2836.4  
-0839.1 0515.7  2846.8  
-0746.5 0532.3  2857.4  
-0584.9 0432.8  2866.1  
-0454.4 0466.0  2875.4  
-0508.1 0333.3  2882.1  
-0293.6 0349.9  2889.1  
-0087.1 0333.3  2895.7  
-0110.0 0217.2  2900.1  
-0163.5 0233.8  2904.7  
-0263.0 0150.9  2907.8  
-0508.1 0217.2  2912.1  
-0431.4 0266.9  2917.4  
-0316.5 0266.9  2922.8  
-0431.4 0250.4  2927.8  
-0439.1 0184.0  2931.5  
-0423.8 0250.4  2936.5  
-0515.8 0200.6  2940.5  
-0477.4 0200.6  2944.5  
-0400.8 0333.3  2951.2  
-0385.5 0250.4  2956.2  
-0148.2 0333.3  2962.9  
-0110.0 0283.5  2968.5  
-0155.9 0283.5  2974.2  
0050.4  0300.1  2980.2  
0180.4  0250.4  2985.2  
0088.6  0233.8  2989.9  
0195.7  0150.9  2992.9  
0387.0  0150.9  2995.9  
0341.0  0101.1  2997.9  
0333.4  0117.7  3000.3  
0333.4  0067.9  3001.7  
0279.8  0001.6  3001.7  
0310.4  0051.4  3002.7  
0272.2  0018.2  3003.1  
0249.2  0034.8  3003.8  
0218.6  0051.4  3004.8  
0165.1  0067.9  3006.2  
0073.3  0117.7  3008.5  
0103.9  0101.1  3010.5  
0203.3  0150.9  3013.6  
0226.3  0167.4  3016.9  
0256.9  0134.3  3019.6  
0180.4  0200.6  3023.6  
0302.8  0134.3  3026.3  
0456.0  0200.6  3030.3  
0417.6  0150.9  3033.3  
0471.3  0150.9  3036.4  
0548.0  0184.0  3040.0  
0648.0  0150.9  3043.1  
0671.0  0167.4  3046.4  
0686.4  0051.4  3047.4  
0640.3  0101.1  3049.5  
0701.8  0034.8  3050.2  
0594.1  0051.4  3051.2  
0671.0  0101.1  3053.2  
0594.1  0034.8  3053.9  
0563.4  0117.7  3056.3  
0525.0  0034.8  3056.9  
0502.0  0134.3  3059.6  
0594.1  0167.4  3063.0  
0601.8  0167.4  3066.3  
0617.2  0150.9  3069.4  
0648.0  0117.7  3071.7  
0594.1  0184.0  3075.4  
0632.6  0200.6  3079.4  
0724.9  0200.6  3083.4  
0848.4  0217.2  3087.8  
0748.1  0150.9  3090.8  
0717.2  0233.8  3095.5  
0740.4  0184.0  3099.1  
0825.2  0217.2  3103.5  
0802.1  0250.4  3108.5  
1057.7  0184.0  3112.2  
0840.7  0250.4  3117.2  
1088.8  0167.4  3120.5  
0840.7  0200.6  3124.5  
1276.2  0184.0  3128.2  
0925.8  0184.0  3131.9  
1034.3  0200.6  3135.9  
1081.0  0134.3  3138.6  
1026.6  0200.6  3142.6  
1205.8  0134.3  3145.3  
1119.9  0184.0  3149.0  
1112.1  0150.9  3152.0  
0995.5  0150.9  3155.0  
1119.9  0200.6  3159.0  
1096.6  0150.9  3162.0  
1119.9  0184.0  3165.7  
1158.9  0150.9  3168.7  
1166.7  0200.6  3172.8  
1127.7  0217.2  3177.1  
1151.1  0150.9  3180.1  
1401.9  0217.2  3184.5  
1354.7  0101.1  3186.5  
1433.4  0101.1  3188.5  
1599.7  0117.7  3190.9  
1575.9  0018.2  3191.2  
1575.9  0034.8  3191.9  
1488.7  -0014.9 3191.6  
1536.2  0051.4  3192.7  
1544.2  0018.2  3193.0  
1488.7  0018.2  3193.4  
1339.0  0067.9  3194.8  
1237.0  0051.4  3195.8  
1205.8  0134.3  3198.5  
1042.1  0150.9  3201.5  
1213.6  0266.9  3206.8  
1229.2  0316.7  3213.2  
1260.5  0333.3  3219.8  
1488.7  0300.1  3225.8  
1488.7  0283.5  3231.5  
1544.2  0300.1  3237.5  
2173.4  0217.2  3241.9  
0918.0  0117.7  3244.2  
1815.6  0250.4  3249.2  
1767.4  0101.1  3251.2  
1743.4  0150.9  3254.3  
1775.5  0101.1  3256.3  
1751.4  0101.1  3258.3  
1719.4  0134.3  3261.0  
1751.4  0084.5  3262.7  
1679.4  0134.3  3265.4  
1639.5  0101.1  3267.4  
1751.4  0134.3  3270.1  
1759.4  0117.7  3272.4  
1703.4  0134.3  3275.1  
2001.7  0184.0  3278.8  
1839.8  0034.8  3279.5  
1719.4  0101.1  3281.5  
2140.6  0117.7  3283.9  
1936.7  0101.1  3285.9  
1944.8  0117.7  3288.3  
2050.5  0117.7  3290.6  
1961.0  0117.7  3293.0  
1952.9  0051.4  3294.0  
2116.0  0134.3  3296.7  
1977.3  0018.2  3297.0  
2042.4  0134.3  3299.7  
2083.2  0117.7  3302.1  
2058.7  0101.1  3304.1  
2157.0  0067.9  3305.5  
2091.4  0034.8  3306.2  
2148.8  0084.5  3307.9  
2206.4  0117.7  3310.2  
2058.7  0067.9  3311.6  
2116.0  0101.1  3313.6  
2206.4  0034.8  3314.3  
2165.2  0051.4  3315.3  
2075.0  0051.4  3316.4  
2148.8  0134.3  3319.0  
2116.0  0167.4  3322.4  
2066.9  0084.5  3324.1  
2034.2  0184.0  3327.8  
2034.2  0134.3  3330.4  
2239.4  0167.4  3333.8  
2173.4  0200.6  3337.8  
2181.7  0167.4  3341.2  
2099.6  0233.8  3345.8  
2231.1  0167.4  3349.2  
2206.4  0200.6  3353.2  
2380.7  0250.4  3358.2  
2330.6  0184.0  3361.9  
2422.5  0200.6  3365.9  
2447.7  0117.7  3368.3  
2414.1  0184.0  3371.9  
2498.2  0101.1  3374.0  
2582.8  0101.1  3376.0  
2625.3  0101.1  3378.0  
2693.7  0034.8  3378.7  
2685.1  0034.8  3379.4  
2685.1  -0048.0 3378.4  
2591.3  -0048.0 3377.5  
2548.8  0001.6  3377.5  
2389.0  -0031.5 3376.9  
2447.7  0018.2  3377.2  
2397.4  0001.6  3377.3  
2447.7  0067.9  3378.6  
2464.5  0018.2  3379.0  
2685.1  0051.4  3380.0  
2866.5  0117.7  3382.4  
3015.6  0001.6  3382.4  
2997.9  -0031.5 3381.8  
2945.1  -0114.4 3379.5  
3077.7  -0131.0 3376.9  
2927.6  -0230.5 3372.3  
3006.8  -0197.3 3368.3  
3015.6  -0213.9 3364.0  
3015.6  -0247.0 3359.1  
2918.9  -0296.8 3353.2  
2910.1  -0346.6 3346.2  
2840.4  -0247.0 3341.3  
2728.0  -0230.5 3336.7  
2693.7  -0280.2 3331.1  
2883.9  -0164.1 3327.8  
2728.0  -0213.9 3323.5  
2814.3  -0197.3 3319.6  
2659.4  -0197.3 3315.6  
2650.9  -0180.7 3312.0  
2805.7  -0114.4 3309.7  
2659.4  -0164.1 3306.4  
2753.8  -0131.0 3303.8  
2762.5  -0147.5 3300.9  
2762.5  -0131.0 3298.2  
2814.3  -0097.8 3296.3  
2875.2  -0213.9 3292.0  
2849.1  -0147.5 3289.1  
2831.7  -0230.5 3284.4  
2805.7  -0180.7 3280.8  
2693.7  -0263.6 3275.6  
2489.7  -0213.9 3271.3  
2616.8  -0164.1 3268.0  
2814.3  -0147.5 3265.0  
2728.0  -0164.1 3261.8  
2719.4  -0213.9 3257.5  
2625.3  -0147.5 3254.5  
2557.3  -0131.0 3251.9  
2565.8  -0114.4 3249.6  
2523.5  -0064.6 3248.3  
2506.6  -0147.5 3245.4  
2472.9  -0064.6 3244.1  
2498.2  -0097.8 3242.1  
2430.9  -0081.2 3240.5  
2380.7  -0031.5 3239.9  
2397.4  -0097.8 3237.9  
2355.6  -0031.5 3237.3  
2347.3  -0048.0 3236.3  
2289.1  -0064.6 3235.0  
2355.6  0001.6  3235.1  
2280.8  -0031.5 3234.4  
2330.6  0018.2  3234.8  
2239.4  -0048.0 3233.8  
2247.7  0001.6  3233.9  
2198.1  0034.8  3234.6  
2256.0  0001.6  3234.6  
2189.9  0051.4  3235.6  
2075.0  0018.2  3236.0  
2042.4  0067.9  3237.3  
2034.2  -0014.9 3237.0  
2009.8  0051.4  3238.1  
2050.5  0101.1  3240.1  
2042.4  0051.4  3241.1  
2034.2  0117.7  3243.5  
1936.7  0051.4  3244.5  
2026.1  0067.9  3245.9  
1920.5  0018.2  3246.2  
1961.0  0051.4  3247.3  
1880.1  0051.4  3248.3  
1799.6  0001.6  3248.3  
1815.6  0117.7  3250.7  
1872.0  0034.8  3251.4  
1807.6  0034.8  3252.1  
1759.4  0117.7  3254.4  
1727.4  0051.4  3255.5  
1855.9  0167.4  3258.8  
1671.4  0067.9  3260.2  
1759.4  0134.3  3262.9  
1711.4  0150.9  3265.9  
1759.4  0134.3  3268.6  
1735.4  0150.9  3271.6  
1823.7  0084.5  3273.3  
1807.6  0150.9  3276.3  
1671.4  0067.9  3277.7  
1743.4  0167.4  3281.0  
1631.6  0084.5  3282.7  
1401.9  0051.4  3283.7  
1575.9  0184.0  3287.4  
1417.7  0101.1  3289.4  
1401.9  0134.3  3292.1  
1449.2  0051.4  3293.1  
1276.2  0134.3  3295.8  
1394.0  0200.6  3299.8  
1323.3  0117.7  3302.2  
1449.2  0200.6  3306.2  
1425.6  0101.1  3308.2  
1378.3  -0379.7 3300.6  
1409.8  0184.0  3304.3  
1112.1  -0396.3 3296.4  
1190.1  0217.2  3300.7  
1488.7  0167.4  3304.1  
1112.1  0184.0  3307.8  
1237.0  0200.6  3311.8  
1386.2  0250.4  3316.8  
1323.3  0233.8  3321.5  
1260.5  0134.3  3324.1  
1284.0  0233.8  3328.8  
1135.5  0101.1  3330.8  
0980.0  0167.4  3334.2  
0949.0  0200.6  3338.2  
0995.5  0217.2  3342.6  
0956.7  0217.2  3346.9  
0941.2  0200.6  3350.9  
0956.7  0217.2  3355.3  
0941.2  0150.9  3358.3  
0848.4  0233.8  3363.0  
0778.9  0217.2  3367.3  
0732.6  0167.4  3370.6  
0717.2  0250.4  3375.7  
0678.7  0200.6  3379.7  
0609.5  0233.8  3384.3  
0663.3  0283.5  3390.0  
0709.5  0233.8  3394.7  
0694.1  0316.7  3401.0  
0887.1  0316.7  3407.4  
1018.8  0250.4  3412.4  
1011.0  0150.9  3415.4  
0771.2  0150.9  3418.4  
0848.4  0184.0  3422.1  
0571.1  0051.4  3423.1  
0624.9  0150.9  3426.1  
0494.3  0134.3  3428.8  
0456.0  0184.0  3432.5  
0517.3  0217.2  3436.8  
0456.0  0233.8  3441.5  
0594.1  0266.9  3446.9  
0448.3  0217.2  3451.2  
0578.8  0283.5  3456.9  
0379.3  0217.2  3461.2  
0379.3  0316.7  3467.6  
0456.0  0349.9  3474.6  
0325.7  0316.7  3480.9  
0448.3  0416.2  3489.2  
0356.4  0333.3  3495.9  
0417.6  0399.6  3503.9  
0502.0  0449.4  3512.9  
0517.3  0383.0  3520.5  
0417.6  0349.9  3527.5  
0417.6  0316.7  3533.9  
0310.4  0333.3  3540.5  
0310.4  0366.5  3547.9  
0310.4  0349.9  3554.9  
0264.5  0383.0  3562.5  
0165.1  0333.3  3569.2  
0402.3  0383.0  3576.9  
0264.5  0316.7  3583.2  
0249.2  0316.7  3589.5  
0042.8  0316.7  3595.9  
0088.6  0316.7  3602.2  
0149.8  0383.0  3609.9  
0180.4  0316.7  3616.2  
-0018.3 0349.9  3623.2  
0012.2  0300.1  3629.2  
0019.8  0399.6  3637.2  
0119.2  0366.5  3644.5  
-0102.4 0316.7  3650.9  
0042.8  0383.0  3658.5  
-0041.2 0333.3  3665.2  
-0025.9 0349.9  3672.2  
-0010.7 0416.2  3680.5  
0058.0  0383.0  3688.2  
0004.5  0399.6  3696.2  
-0048.9 0333.3  3702.8  
-0048.9 0349.9  3709.8  
-0018.3 0316.7  3716.2  
-0041.2 0366.5  3723.5  
-0102.4 0399.6  3731.5  
-0163.5 0316.7  3737.8  
-0171.2 0399.6  3745.8  
-0155.9 0383.0  3753.5  
-0255.3 0432.8  3762.1  
-0255.3 0482.5  3771.8  
-0270.6 0416.2  3780.1  
-0347.2 0482.5  3789.8  
-0270.6 0466.0  3799.1  
-0293.6 0532.3  3809.7  
-0347.2 0515.7  3820.0  
-0301.2 0532.3  3830.7  
-0255.3 0532.3  3841.3  
-0217.1 0466.0  3850.7  
-0117.7 0532.3  3861.3  
-0171.2 0449.4  3870.3  
-0140.6 0482.5  3879.9  
-0048.9 0499.1  3889.9  
-0110.0 0466.0  3899.2  
-0056.5 0482.5  3908.9  
-0140.6 0399.6  3916.9  
-0194.1 0416.2  3925.2  
-0155.9 0399.6  3933.2  
-0117.7 0416.2  3941.5  
-0079.4 0449.4  3950.5  
-0148.2 0383.0  3958.2  
-0186.5 0449.4  3967.2  
-0217.1 0432.8  3975.8  
-0224.7 0449.4  3984.8  
-0194.1 0482.5  3994.5  
-0308.9 0499.1  4004.5  
-0308.9 0499.1  4014.4  
-0446.8 0466.0  4023.8  
-0400.8 0548.9  4034.7  
-0171.2 0515.7  4045.0  
-0301.2 0565.5  4056.4  
-0263.0 0565.5  4067.7  
-0247.7 0532.3  4078.3  
-0186.5 0565.5  4089.6  
-0117.7 0515.7  4099.9  
-0133.0 0582.0  4111.6  
-0033.6 0565.5  4122.9  
0012.2  0499.1  4132.9  
-0064.2 0548.9  4143.9  
0004.5  0499.1  4153.8  
-0064.2 0548.9  4164.8  
-0048.9 0515.7  4175.1  
-0087.1 0548.9  4186.1  
-0148.2 0615.2  4198.4  
-0148.2 0515.7  4208.7  
-0331.9 0631.8  4221.4  
-0232.4 0615.2  4233.7  
-0194.1 0681.5  4247.3  
-0171.2 0714.7  4261.6  
-0071.8 0698.1  4275.6  
-0087.1 0714.7  4289.9  
-0010.7 0648.4  4302.8  
-0003.0 0698.1  4316.8  
0142.1  0665.0  4330.1  
0180.4  0681.5  4343.7  
0417.6  0665.0  4357.0  
0081.0  0515.7  4367.3  
0456.0  0665.0  4380.6  
0456.0  0548.9  4391.6  
0310.4  0548.9  4402.6  
0448.3  0482.5  4412.2  
0709.5  0532.3  4422.9  
0456.0  0482.5  4432.5  
0663.3  0432.8  4441.2  
0709.5  0416.2  4449.5  
0771.2  0399.6  4457.5  
0763.5  0366.5  4464.8  
1011.0  0349.9  4471.8  
1112.1  0250.4  4476.9  
1112.1  0250.4  4481.9  
1190.1  0200.6  4485.9  
1276.2  0150.9  4488.9  
1213.6  0184.0  4492.6  
1331.1  0134.3  4495.3  
1143.3  0117.7  4497.6  
1331.1  0067.9  4499.0  
1472.9  0117.7  4501.3  
1623.6  0084.5  4503.0  
1174.5  0001.6  4503.1  
1370.4  0067.9  4504.4  
1544.2  0018.2  4504.8  
1299.7  0051.4  4505.8  
1394.0  0001.6  4505.8  
1583.8  0034.8  4506.5  
1362.6  0018.2  4506.9  
1433.4  0051.4  4507.9  
1536.2  0051.4  4509.0  
1496.6  0001.6  4509.0  
1401.9  0018.2  4509.4  
1823.7  0001.6  4509.4  
1370.4  0001.6  4509.4  
1512.5  0067.9  4510.8  
1575.9  0001.6  4510.8  
1520.4  0018.2  4511.2  
1560.0  -0014.9 4510.9  
1767.4  0001.6  4510.9  
1711.4  -0031.5 4510.3  
1703.4  -0114.4 4508.0  
1759.4  -0064.6 4506.7  
1623.6  -0081.2 4505.1  
1912.4  0001.6  4505.1  
1823.7  -0064.6 4503.8  
1799.6  -0064.6 4502.5  
1961.0  -0064.6 4501.2  
1799.6  -0064.6 4499.9  
1839.8  0001.6  4500.0  
1847.8  -0064.6 4498.7  
1663.5  -0014.9 4498.4  
1607.7  0001.6  4498.4  
1457.1  0051.4  4499.4  
1512.5  0134.3  4502.1  
1496.6  0117.7  4504.5  
1488.7  0184.0  4508.2  
1575.9  0167.4  4511.5  
1719.4  0217.2  4515.9  
1719.4  0233.8  4520.5  
1799.6  0167.4  4523.9  
1815.6  0217.2  4528.2  
1815.6  0150.9  4531.3  
1888.2  0134.3  4533.9  
1961.0  0134.3  4536.6  
2001.7  0150.9  4539.6  
2140.6  0134.3  4542.3  
2058.7  0034.8  4543.0  
2132.4  0084.5  4544.7  
2165.2  0117.7  4547.1  
2107.8  0117.7  4549.4  
2116.0  0117.7  4551.8  
1912.4  0034.8  4552.5  
1888.2  0117.7  4554.8  
1864.0  0101.1  4556.9  
1888.2  0167.4  4560.2  
1671.4  0184.0  4563.9  
1679.4  0233.8  4568.6  
1993.5  0316.7  4574.9  
2347.3  0266.9  4580.2  
1839.8  0200.6  4584.3  
1880.1  0250.4  4589.3  
2447.7  0349.9  4596.3  
2116.0  0266.9  4601.6  
2264.2  0233.8  4606.3  
2389.0  0283.5  4611.9  
2222.9  0184.0  4615.6  
2181.7  0184.0  4619.3  
2280.8  0200.6  4623.3  
1969.2  0134.3  4626.0  
2173.4  0167.4  4629.4  
2116.0  0134.3  4632.0  
2198.1  0150.9  4635.1  
2222.9  0117.7  4637.4  
2231.1  0084.5  4639.1  
2397.4  0184.0  4642.8  
2574.3  0134.3  4645.5  
2788.4  0150.9  4648.5  
2971.5  -0014.9 4648.2  
2857.8  -0014.9 4647.9  
2710.8  -0064.6 4646.6  
2633.8  -0081.2 4645.0  
3077.7  0001.6  4645.0  
3104.4  -0131.0 4642.4  
2980.3  -0180.7 4638.8  
2989.1  -0164.1 4635.5  
2989.1  -0164.1 4632.2  
3033.3  -0180.7 4628.6  
2745.2  -0296.8 4622.6  
2883.9  -0180.7 4619.0  
2779.7  -0230.5 4614.4  
2625.3  -0213.9 4610.1  
2608.3  -0114.4 4607.9  
2685.1  -0114.4 4605.6  
2771.1  -0081.2 4603.9  
2616.8  -0164.1 4600.7  
2659.4  -0031.5 4600.0  
2823.0  -0131.0 4597.4  
2762.5  0001.6  4597.4  
2840.4  -0081.2 4595.8  
2779.7  -0213.9 4591.5  
2840.4  -0131.0 4588.9  
2971.5  -0147.5 4586.0  
3051.0  -0097.8 4584.0  
2980.3  -0164.1 4580.7  
2805.7  -0213.9 4576.4  
2892.6  -0147.5 4573.5  
2883.9  -0197.3 4569.5  
2753.8  -0164.1 4566.3  
2762.5  -0213.9 4562.0  
2633.8  -0147.5 4559.0  
2565.8  -0114.4 4556.7  
2599.8  -0164.1 4553.5  
2650.9  -0081.2 4551.8  
2659.4  -0081.2 4550.2  
2531.9  -0081.2 4548.6  
2531.9  -0048.0 4547.6  
2591.3  -0064.6 4546.3  
2557.3  -0014.9 4546.0  
2591.3  -0048.0 4545.1  
2405.7  -0031.5 4544.4  
2676.5  -0048.0 4543.5  
2599.8  -0048.0 4542.5  
2625.3  0001.6  4542.5  
2719.4  -0064.6 4541.2  
2762.5  -0031.5 4540.6  
2599.8  -0064.6 4539.3  
2591.3  0001.6  4539.4  
2599.8  -0014.9 4539.1  
2565.8  -0014.9 4538.8  
2650.9  -0031.5 4538.1  
2591.3  -0081.2 4536.5  
2515.0  -0031.5 4535.9  
2464.5  -0097.8 4533.9  
2523.5  -0031.5 4533.3  
2642.3  -0048.0 4532.3  
2515.0  -0114.4 4530.0  
2582.8  -0048.0 4529.1  
2625.3  -0097.8 4527.1  
2591.3  -0180.7 4523.5  
2659.4  -0114.4 4521.2  
2633.8  -0131.0 4518.6  
2616.8  -0114.4 4516.3  
2650.9  -0230.5 4511.7  
2540.4  -0180.7 4508.1  
2414.1  -0230.5 4503.5  
2372.3  -0230.5 4498.8  
2222.9  -0114.4 4496.6  
2247.7  -0164.1 4493.3  
2140.6  -0114.4 4491.0  
1969.2  -0147.5 4488.0  
1912.4  -0048.0 4487.1  
2034.2  -0014.9 4486.8  
1912.4  0001.6  4486.8  
2026.1  0101.1  4488.8  
1993.5  0018.2  4489.2  
1977.3  0067.9  4490.6  
2050.5  0001.6  4490.6  
2050.5  0084.5  4492.3  
2099.6  0084.5  4494.0  
2075.0  0084.5  4495.7  
2124.2  0101.1  4497.7  
2042.4  0001.6  4497.7  
1896.3  0051.4  4498.7  
1928.6  0101.1  4500.8  
1791.5  0067.9  4502.1  
1719.4  0101.1  4504.2  
1599.7  0018.2  4504.5  
1536.2  0117.7  4506.9  
1425.6  0084.5  4508.6  
1504.6  0134.3  4511.3  
1465.0  0167.4  4514.6  
1457.1  0117.7  4517.0  
1401.9  0184.0  4520.6  
1583.8  0150.9  4523.7  
1607.7  0167.4  4527.0  
1719.4  0134.3  4529.7  
1727.4  0134.3  4532.4  
1807.6  0134.3  4535.1  
1687.4  0018.2  4535.4  
1855.9  0084.5  4537.1  
1378.3  0067.9  4538.5  
1386.2  0051.4  4539.5  
1544.2  0167.4  4542.9  
1504.6  0051.4  4543.9  
1284.0  0134.3  4546.6  
1425.6  0117.7  4548.9  
1291.9  0134.3  4551.6  
1260.5  0184.0  4555.3  
1307.6  0150.9  4558.3  
1237.0  0200.6  4562.3  
1237.0  0051.4  4563.4  
1205.8  0150.9  4566.4  
1135.5  0117.7  4568.7  
1252.7  0134.3  4571.4  
1276.2  0150.9  4574.4  
1073.2  0051.4  4575.5  
1119.9  0167.4  4578.8  
0956.7  0117.7  4581.2  
0949.0  0184.0  4584.9  
0980.0  0200.6  4588.9  
0925.8  0134.3  4591.5  
1003.3  0200.6  4595.6  
0840.7  0167.4  4598.9  
0740.4  0217.2  4603.3  
0887.1  0184.0  4606.9  
0887.1  0250.4  4611.9  
0771.2  0250.4  4617.0  
0694.1  0250.4  4622.0  
0655.6  0316.7  4628.3  
0609.5  0233.8  4633.0  
0548.0  0283.5  4638.6  
0594.1  0333.3  4645.3  
0494.3  0316.7  4651.6  
0509.7  0349.9  4658.6  
0571.1  0283.5  4664.3  
0517.3  0349.9  4671.3  
0540.4  0283.5  4677.0  
0502.0  0300.1  4683.0  
0517.3  0349.9  4690.0  
0387.0  0266.9  4695.3  
0433.0  0316.7  4701.7  
0479.0  0283.5  4707.3  
0509.7  0316.7  4713.7  
0563.4  0349.9  4720.7  
0456.0  0300.1  4726.7  
0486.6  0316.7  4733.0  
0410.0  0233.8  4737.7  
0486.6  0283.5  4743.3  
0448.3  0200.6  4747.4  
0517.3  0233.8  4752.0  
0448.3  0217.2  4756.4  
0425.3  0150.9  4759.4  
0586.5  0217.2  4763.7  
0425.3  0167.4  4767.1  
0402.3  0167.4  4770.4  
0425.3  0184.0  4774.1  
0302.8  0134.3  4776.8  
0302.8  0167.4  4780.2  
0218.6  0150.9  4783.2  
0333.4  0200.6  4787.2  
0310.4  0117.7  4789.6  
0333.4  0150.9  4792.6  
0417.6  0217.2  4796.9  
0348.7  0051.4  4797.9  
0295.1  0150.9  4801.0  
0302.8  0084.5  4802.7  
0203.3  0101.1  4804.7  
0287.5  0167.4  4808.0  
0356.4  0101.1  4810.0  
0195.7  0167.4  4813.4  
0226.3  0067.9  4814.8  
0103.9  0084.5  4816.5  
-0003.0 0067.9  4817.8  
-0003.0 0167.4  4821.2  
0027.5  0217.2  4825.5  
-0041.2 0184.0  4829.2  
0004.5  0167.4  4832.5  
-0178.8 0167.4  4835.9  
-0301.2 0233.8  4840.6  
-0217.1 0316.7  4846.9  
-0148.2 0300.1  4852.9  
-0331.9 0316.7  4859.2  
-0446.8 0283.5  4864.9  
-0370.1 0366.5  4872.2  
-0439.1 0333.3  4878.9  
-0423.8 0349.9  4885.9  
-0255.3 0432.8  4894.6  
-0362.5 0333.3  4901.2  
-0247.7 0383.0  4908.9  
-0370.1 0316.7  4915.2  
-0240.0 0333.3  4921.9  
-0255.3 0333.3  4928.6  
-0354.8 0283.5  4934.2  
-0316.5 0333.3  4940.9  
-0393.1 0233.8  4945.6  
-0492.8 0250.4  4950.6  
-0538.8 0233.8  4955.3  
-0554.2 0266.9  4960.6  
-0623.3 0300.1  4966.6  
-0446.8 0250.4  4971.6  
-0584.9 0316.7  4978.0  
-0646.4 0217.2  4982.3  
-0584.9 0266.9  4987.6  
-0623.3 0233.8  4992.3  
-0631.0 0200.6  4996.3  
-0623.3 0233.8  5001.0  
-0446.8 0134.3  5003.7  
-0654.1 0117.7  5006.0  
-0561.9 0067.9  5007.4  
-0700.3 0034.8  5008.1  
-0646.4 0051.4  5009.1  
-0715.7 -0031.5 5008.5  
-1048.3 -0014.9 5008.2  
-0870.0 -0031.5 5007.6  
0540.4  0001.6  5007.6  
-2996.2 -0213.9 5003.3  
-0140.6 0250.4  5008.3  
-2279.1 0018.2  5008.7  
-0531.2 0416.2  5017.0  
-0669.5 0150.9  5020.0  
-1243.3 0200.6  5024.1  
-0615.7 0266.9  5029.4  
-0048.9 0316.7  5035.7  
-1040.6 0101.1  5037.8  
-0638.7 0283.5  5043.4  
-0970.7 0167.4  5046.8  
-1048.3 0283.5  5052.4  
-1149.6 0366.5  5059.8  
-1243.3 0383.0  5067.4  
-1165.2 0565.5  5078.7  
-0631.0 0598.6  5090.7  
-0901.0 0532.3  5101.4  
-0677.2 0548.9  5112.3  
-0731.1 0466.0  5121.7  
-0870.0 0482.5  5131.3  
-1110.6 0432.8  5140.0  
-1259.0 0532.3  5150.6  
-1463.4 0482.5  5160.3  
-1313.8 0548.9  5171.2  
-1408.2 0565.5  5182.6  
-1701.8 0548.9  5193.5  
-1614.1 0681.5  5207.2  
-1534.7 0665.0  5220.5  
-1408.2 0648.4  5233.4  
-1685.8 0565.5  5244.7  
-1439.8 0648.4  5257.7  
-1455.5 0615.2  5270.0  
-1566.4 0615.2  5282.3  
-1384.6 0665.0  5295.6  
-1439.8 0615.2  5307.9  
-1542.6 0598.6  5319.9  
-1487.2 0665.0  5333.2  
-1503.0 0665.0  5346.5  
-1471.3 0665.0  5359.8  
-1550.5 0648.4  5372.8  
-1630.0 0698.1  5386.7  
-1645.9 0631.8  5399.4  
-1741.8 0681.5  5413.0  
-1622.0 0747.9  5428.0  
-1717.8 0681.5  5441.6  
-1614.1 0747.9  5456.6  
-1574.3 0714.7  5470.9  
-1455.5 0747.9  5485.8  
-1574.3 0797.6  5501.8  
-1542.6 0764.5  5517.1  
-1479.2 0764.5  5532.3  
-1431.9 0731.3  5547.0  
-1455.5 0764.5  5562.3  
-1487.2 0714.7  5576.6  
-1274.6 0731.3  5591.2  
-1637.9 0714.7  5605.5  
-1384.6 0714.7  5619.8  
-1219.8 0797.6  5635.7  
-1361.0 0665.0  5649.0  
-1368.8 0698.1  5663.0  
-1196.4 0764.5  5678.3  
-1353.1 0681.5  5691.9  
-1266.8 0731.3  5706.5  
-1251.1 0714.7  5720.8  
-1282.5 0698.1  5734.8  
-1251.1 0648.4  5747.8  
-1173.0 0731.3  5762.4  
-1056.1 0781.0  5778.0  
-1235.5 0681.5  5791.7  
-1102.8 0764.5  5806.9  
-0908.7 0714.7  5821.2  
-0986.2 0714.7  5835.5  
-0877.8 0731.3  5850.2  
-0654.1 0681.5  5863.8  
-0569.5 0747.9  5878.7  
-0577.2 0631.8  5891.4  
-0217.1 0582.0  5903.0  
-0224.7 0482.5  5912.7  
-0500.5 0449.4  5921.7  
-0316.5 0449.4  5930.7  
0617.2  0548.9  5941.6  
-1071.7 0250.4  5946.6  
0119.2  0499.1  5956.6  
-0531.2 0333.3  5963.3  
-0201.8 0416.2  5971.6  
-0194.1 0399.6  5979.6  
0088.6  0449.4  5988.6  
-0071.8 0349.9  5995.6  
-0110.0 0333.3  6002.3  
-0064.2 0283.5  6007.9  
-0133.0 0349.9  6014.9  
-0133.0 0432.8  6023.6  
-0079.4 0316.7  6029.9  
-0033.6 0383.0  6037.6  
0165.1  0316.7  6043.9  
0272.2  0333.3  6050.6  
0295.1  0283.5  6056.3  
0410.0  0217.2  6060.6  
0717.2  0233.8  6065.3  
0778.9  0051.4  6066.3  
0809.8  0034.8  6067.0  
0825.2  -0048.0 6066.0  
0640.3  -0097.8 6064.1  
0879.3  -0031.5 6063.5  
0987.8  -0081.2 6061.8  
0995.5  -0048.0 6060.9  
0949.0  -0114.4 6058.6  
0925.8  -0131.0 6056.0  
0724.9  -0097.8 6054.0  
0856.1  -0081.2 6052.4  
0794.3  -0048.0 6051.4  
0740.4  -0064.6 6050.1  
0624.9  -0048.0 6049.2  
0748.1  0051.4  6050.2  
0601.8  0018.2  6050.6  
0763.5  0117.7  6052.9  
0887.1  0101.1  6054.9  
0949.0  0134.3  6057.6  
0925.8  0084.5  6059.3  
1042.1  0101.1  6061.3  
1284.0  0134.3  6064.0  
1244.9  0067.9  6065.4  
1354.7  0101.1  6067.4  
1331.1  -0048.0 6066.4  
1252.7  -0031.5 6065.8  
1229.2  -0064.6 6064.5  
1166.7  -0031.5 6063.9  
1104.3  -0031.5 6063.3  
1174.5  -0048.0 6062.3  
0910.3  -0014.9 6062.0  
0980.0  0051.4  6063.0  
0786.6  0134.3  6065.7  
0825.2  0217.2  6070.0  
0910.3  0266.9  6075.4  
1174.5  0333.3  6082.1  
1213.6  0300.1  6088.1  
1284.0  0333.3  6094.7  
1512.5  0250.4  6099.7  
1528.3  0250.4  6104.7  
1671.4  0233.8  6109.4  
1465.0  0067.9  6110.8  
1807.6  0134.3  6113.5  
1615.7  -0014.9 6113.2  
1695.4  0001.6  6113.2  
1767.4  0034.8  6113.9  
1568.0  -0081.2 6112.3  
1591.8  -0031.5 6111.6  
1536.2  -0081.2 6110.0  
1544.2  -0014.9 6109.7  
1663.5  -0064.6 6108.4  
1568.0  -0014.9 6108.1  
1575.9  0001.6  6108.2  
1583.8  0018.2  6108.5  
1496.6  0101.1  6110.5  
1370.4  0018.2  6110.9  
1433.4  0117.7  6113.3  
1417.7  0200.6  6117.3  
1441.3  0233.8  6122.0  
1607.7  0266.9  6127.3  
1767.4  0217.2  6131.6  
1839.8  0200.6  6135.7  
2009.8  0167.4  6139.0  
2091.4  0150.9  6142.0  
2214.6  0134.3  6144.7  
2231.1  0018.2  6145.1  
2034.2  0034.8  6145.8  
1985.4  -0064.6 6144.5  
1775.5  -0031.5 6143.8  
2091.4  0034.8  6144.5  
2231.1  0001.6  6144.6  
2814.3  0051.4  6145.6  
2489.7  -0213.9 6141.3  
2124.2  -0213.9 6137.0  
2506.6  -0131.0 6134.4  
1552.1  -0114.4 6132.1  
2116.0  0134.3  6134.8  
2099.6  0001.6  6134.9  
1158.9  0067.9  6136.2  
1663.5  0250.4  6141.2  
1034.3  0266.9  6146.6  
1912.4  0515.7  6156.9  
2330.6  0482.5  6166.5  
2372.3  0399.6  6174.5  
2814.3  0383.0  6182.2  
3194.0  0233.8  6186.9  
3086.6  0018.2  6187.2  
2980.3  -0014.9 6186.9  
2779.7  -0064.6 6185.6  
2322.3  -0147.5 6182.7  
2034.2  -0064.6 6181.4  
2116.0  -0031.5 6180.8  
1944.8  0034.8  6181.5  
1952.9  0117.7  6183.8  
2050.5  0150.9  6186.8  
2289.1  0233.8  6191.5  
2355.6  0167.4  6194.9  
2264.2  0150.9  6197.9  
2206.4  0067.9  6199.2  
2339.0  0134.3  6201.9  
2083.2  0184.0  6205.6  
2099.6  0150.9  6208.6  
2091.4  0233.8  6213.3  
2132.4  0184.0  6217.0  
2330.6  0266.9  6222.3  
2447.7  0200.6  6226.3  
2297.4  0150.9  6229.3  
2849.1  0217.2  6233.7  
2762.5  0084.5  6235.4  
2875.2  0051.4  6236.4  
2719.4  -0064.6 6235.1  
2875.2  -0064.6 6233.8  
2565.8  -0097.8 6231.9  
2214.6  -0131.0 6229.2  
1969.2  0001.6  6229.3  
2330.6  0084.5  6231.0  
2339.0  0101.1  6233.0  
2247.7  0167.4  6236.3  
2264.2  0167.4  6239.7  
2322.3  0266.9  6245.0  
2397.4  0283.5  6250.7  
2272.5  0333.3  6257.4  
2364.0  0333.3  6264.0  
2380.7  0349.9  6271.0  
2642.3  0383.0  6278.7  
2866.5  0366.5  6286.0  
3015.6  0432.8  6294.7  
2980.3  0300.1  6300.7  
2997.9  0283.5  6306.4  
3068.8  0316.7  6312.7  
3104.4  0217.2  6317.0  
3167.0  0300.1  6323.0  
2840.4  0266.9  6328.4  
2582.8  0300.1  6334.4  
2506.6  0333.3  6341.1  
1831.7  0383.0  6348.7  
2231.1  0648.4  6361.7  
2091.4  0681.5  6375.3  
2239.4  0797.6  6391.3  
2591.3  0913.7  6409.6  
3685.0  1046.4  6430.5  
2231.1  0648.4  6443.5  
4614.3  0880.5  6461.1  
2523.5  0532.3  6471.7  
2927.6  0648.4  6484.7  
3248.2  0615.2  6497.0  
2515.0  0515.7  6507.3  
3311.8  0665.0  6520.6  
3829.6  0631.8  6533.2  
3665.9  0432.8  6541.9  
5003.3  0449.4  6550.9  
5148.2  0134.3  6553.6  
3713.7  -0114.4 6551.3  
3051.0  -0114.4 6549.0  
3449.8  -0031.5 6548.4  
2616.8  -0131.0 6545.7  
3284.5  0067.9  6547.1  
3077.7  0101.1  6549.1  
2901.4  0266.9  6554.5  
5641.6  0266.9  6559.8  
3248.2  -0081.2 6558.2  
5466.1  0001.6  6558.2  
2642.3  -0296.8 6552.3  
4483.6  0018.2  6552.6  
3033.3  -0247.0 6547.7  
4614.3  -0031.5 6547.1  
3732.9  -0230.5 6542.5  
5003.3  -0064.6 6541.2  
5479.3  -0296.8 6535.2  
5600.4  -0379.7 6527.6  
6807.7  -0595.3 6515.7  
6225.8  -0810.9 6499.5  
4408.6  -1009.9 6479.3  
3704.1  -0927.0 6460.8  
4138.1  -0761.1 6445.5  
2347.3  -0844.1 6428.7  
2805.7  -0495.8 6418.7  
3077.7  -0263.6 6413.5  
2945.1  -0164.1 6410.2  
3858.9  0034.8  6410.9  
4251.1  0001.6  6410.9  
3230.1  -0014.9 6410.6  
7366.8  0233.8  6415.3  
4282.3  -0164.1 6412.0  
4897.4  -0097.8 6410.0  
4979.6  -0247.0 6405.1  
5063.1  -0313.4 6398.8  
4138.1  -0446.1 6389.9  
4771.0  -0379.7 6382.3  
5426.6  -0495.8 6372.4  
2439.3  -0744.6 6357.5  
4967.7  -0363.1 6350.2  
3033.3  -0645.1 6337.3  
3357.6  -0363.1 6330.1  
3505.6  -0379.7 6322.5  
3385.1  -0346.6 6315.6  
2823.0  -0280.2 6309.9  
3771.4  -0164.1 6306.7  
3275.4  -0147.5 6303.7  
3194.0  -0081.2 6302.1  
4027.1  0018.2  6302.5  
3997.1  -0014.9 6302.2  
3868.7  -0048.0 6301.2  
4462.1  -0031.5 6300.6  
4636.4  -0164.1 6297.3  
4282.3  -0213.9 6293.0  
4027.1  -0296.8 6287.1  
3477.7  -0346.6 6280.1  
4158.5  -0147.5 6277.2  
4067.2  -0247.0 6272.2  
3609.0  -0230.5 6267.6  
3248.2  -0197.3 6263.7  
3131.2  -0131.0 6261.1  
2980.3  0034.8  6261.8  
2971.5  0134.3  6264.4  
3042.2  0217.2  6268.8  
2971.5  0184.0  6272.5  
3459.1  0333.3  6279.1  
3637.4  0349.9  6286.1  
3339.3  0316.7  6292.5  
3571.2  0316.7  6298.8  
3580.7  0250.4  6303.8  
3515.0  0250.4  6308.8  
3618.4  0316.7  6315.2  
3878.5  0250.4  6320.2  
3898.1  0200.6  6324.2  
3723.3  0117.7  6326.5  
4419.3  0167.4  6329.9  
3771.4  -0097.8 6327.9  
4027.1  -0081.2 6326.3  
3917.8  -0164.1 6323.0  
3468.4  -0197.3 6319.1  
3068.8  -0147.5 6316.1  
3059.9  -0131.0 6313.5  
3095.5  0001.6  6313.5  
2901.4  -0014.9 6313.2  
3006.8  0101.1  6315.3  
3077.7  0034.8  6316.0  
2962.7  0117.7  6318.3  
3140.1  0200.6  6322.3  
3059.9  0150.9  6325.3  
3015.6  0184.0  6329.0  
2875.2  0134.3  6331.7  
2710.8  0217.2  6336.0  
3829.6  0333.3  6342.7  
2574.3  0134.3  6345.4  
4483.6  0349.9  6352.4  
3849.1  0051.4  6353.4  
3221.1  0001.6  6353.5  
3599.5  0034.8  6354.2  
3505.6  -0048.0 6353.2  
3033.3  -0014.9 6352.9  
2710.8  -0031.5 6352.3  
2642.3  0117.7  6354.6  
2347.3  0134.3  6357.3  
2272.5  0233.8  6362.0  
1831.7  0333.3  6368.7  
2753.8  0482.5  6378.3  
1671.4  0466.0  6387.6  
1928.6  0598.6  6399.6  
2339.0  0764.5  6414.9  
2107.8  0797.6  6430.8  
1751.4  0864.0  6448.1  
2414.1  1029.8  6468.7  
3468.4  0946.9  6487.7  
1378.3  0698.1  6501.6  
2042.4  0913.7  6519.9  
2805.7  0946.9  6538.8  
2075.0  0830.8  6555.5  
2148.8  0814.2  6571.7  
2762.5  0830.8  6588.4  
2397.4  0665.0  6601.7  
2116.0  0681.5  6615.3  
2322.3  0714.7  6629.6  
1993.5  0631.8  6642.2  
1888.2  0681.5  6655.8  
1759.4  0698.1  6669.8  
1599.7  0764.5  6685.1  
1831.7  0814.2  6701.4  
1888.2  0913.7  6719.7  
2148.8  0963.5  6738.9  
2422.5  0913.7  6757.2  
2616.8  0963.5  6776.5  
2823.0  0864.0  6793.7  
3104.4  0864.0  6811.0  
3385.1  0781.0  6826.7  
3656.4  0648.4  6839.6  
3752.1  0582.0  6851.3  
3858.9  0399.6  6859.3  
3627.9  0300.1  6865.3  
3487.0  0167.4  6868.6  
3524.3  0200.6  6872.6  
3275.4  0150.9  6875.6  
3140.1  0134.3  6878.3  
3194.0  0167.4  6881.7  
3059.9  0117.7  6884.0  
3015.6  0167.4  6887.4  
3051.0  0233.8  6892.1  
3257.3  0233.8  6896.7  
3339.3  0283.5  6902.4  
3459.1  0200.6  6906.4  
3637.4  0250.4  6911.4  
4007.1  0184.0  6915.1  
4209.8  0117.7  6917.5  
4516.0  0051.4  6918.5  
4592.3  -0131.0 6915.9  
4897.4  -0197.3 6911.9  
4885.8  -0363.1 6904.7  
4603.3  -0446.1 6895.7  
4636.4  -0495.8 6885.8  
4537.7  -0578.7 6874.2  
4548.6  -0545.6 6863.3  
4271.9  -0611.9 6851.1  
4516.0  -0545.6 6840.2  
4429.9  -0628.5 6827.6  
3917.8  -0562.1 6816.4  
4107.7  -0529.0 6805.8  
3849.1  -0512.4 6795.5  
3487.0  -0429.5 6786.9  
4408.6  -0379.7 6779.4  
3907.9  -0446.1 6770.4  
4282.3  -0379.7 6762.8  
4725.7  -0429.5 6754.2  
4748.3  -0495.8 6744.3  
4839.5  -0578.7 6732.7  
4920.7  -0611.9 6720.5  
4581.4  -0744.6 6705.6  
4483.6  -0744.6 6690.7  
3927.6  -0744.6 6675.8  
3599.5  -0711.4 6661.6  
3618.4  -0628.5 6649.0  
3059.9  -0628.5 6636.5  
3330.1  -0479.2 6626.9  
3095.5  -0396.3 6618.9  
3140.1  -0263.6 6613.7  
3212.0  -0213.9 6609.4  
2927.6  -0230.5 6604.8  
3113.3  -0131.0 6602.2  
3194.0  -0114.4 6599.9  
2989.1  -0031.5 6599.2  
3203.0  0001.6  6599.3  
3330.1  -0081.2 6597.7  
3422.0  -0031.5 6597.0  
3257.3  -0014.9 6596.7  
3104.4  0018.2  6597.1  
2989.1  0067.9  6598.4  
3618.4  0084.5  6600.1  
2599.8  -0031.5 6599.5  
2702.2  0034.8  6600.2  
2557.3  0134.3  6602.9  
2668.0  0134.3  6605.6  
2831.7  0167.4  6608.9  
2297.4  0134.3  6611.6  
2355.6  0150.9  6614.6  
2481.3  0233.8  6619.3  
2050.5  0134.3  6622.0  
2066.9  0266.9  6627.3  
2239.4  0366.5  6634.7  
2091.4  0383.0  6642.3  
2447.7  0432.8  6651.0  
2599.8  0333.3  6657.6  
2498.2  0316.7  6664.0  
2642.3  0266.9  6669.3  
2565.8  0266.9  6674.7  
2574.3  0266.9  6680.0  
2489.7  0217.2  6684.4  
2616.8  0217.2  6688.7  
2481.3  0134.3  6691.4  
2380.7  0167.4  6694.7  
2481.3  0217.2  6699.1  
2355.6  0150.9  6702.1  
2083.2  0167.4  6705.4  
2231.1  0117.7  6707.8  
2464.5  0200.6  6711.8  
2017.9  0117.7  6714.2  
2083.2  0134.3  6716.9  
2026.1  0266.9  6722.2  
2272.5  0184.0  6725.9  
1783.5  0167.4  6729.2  
2616.8  0283.5  6734.9  
2058.7  0217.2  6739.2  
1839.8  0283.5  6744.9  
1799.6  0300.1  6750.9  
2148.8  0366.5  6758.2  
1912.4  0349.9  6765.2  
2272.5  0399.6  6773.2  
1993.5  0266.9  6778.6  
2009.8  0349.9  6785.6  
2247.7  0383.0  6793.2  
1888.2  0250.4  6798.2  
2050.5  0300.1  6804.3  
2066.9  0217.2  6808.6  
2083.2  0200.6  6812.6  
2124.2  0184.0  6816.3  
1952.9  0117.7  6818.6  
1663.5  0200.6  6822.7  
2165.2  0233.8  6827.3  
1904.3  0184.0  6831.0  
2314.0  0167.4  6834.4  
2107.8  0150.9  6837.4  
1847.8  0167.4  6840.7  
1847.8  0150.9  6843.8  
1719.4  0217.2  6848.1  
1679.4  0200.6  6852.1  
1583.8  0250.4  6857.1  
1591.8  0300.1  6863.1  
1735.4  0316.7  6869.5  
1799.6  0283.5  6875.1  
1480.8  0184.0  6878.8  
1560.0  0250.4  6883.8  
1472.9  0217.2  6888.2  
1615.7  0250.4  6893.2  
1433.4  0250.4  6898.2  
1552.1  0200.6  6902.2  
1560.0  0283.5  6907.9  
1520.4  0266.9  6913.2  
1536.2  0266.9  6918.5  
1528.3  0333.3  6925.2  
1607.7  0300.1  6931.2  
1480.8  0266.9  6936.6  
1339.0  0184.0  6940.2  
1190.1  0266.9  6945.6  
1112.1  0283.5  6951.2  
1198.0  0333.3  6957.9  
1331.1  0349.9  6964.9  
1354.7  0316.7  6971.2  
1331.1  0333.3  6977.9  
1354.7  0266.9  6983.3  
1417.7  0283.5  6988.9  
1417.7  0283.5  6994.6  
1544.2  0184.0  6998.3  
1307.6  0184.0  7002.0  
1174.5  0150.9  7005.0  
0995.5  0184.0  7008.7  
0987.8  0167.4  7012.0  
0887.1  0266.9  7017.3  
0972.2  0366.5  7024.7  
1182.3  0333.3  7031.3  
1260.5  0366.5  7038.7  
1449.2  0333.3  7045.3  
1496.6  0283.5  7051.0  
1599.7  0250.4  7056.0  
1560.0  0167.4  7059.4  
1607.7  0134.3  7062.1  
1417.7  -0014.9 7061.8  
1276.2  0018.2  7062.1  
1190.1  -0048.0 7061.2  
1198.0  0018.2  7061.5  
1088.8  0101.1  7063.6  
0902.5  0034.8  7064.2  
1011.0  0167.4  7067.6  
0956.7  0150.9  7070.6  
0933.5  0266.9  7076.0  
0949.0  0316.7  7082.3  
0956.7  0383.0  7090.0  
0863.9  0383.0  7097.6  
0863.9  0383.0  7105.3  
0933.5  0449.4  7114.3  
0964.5  0399.6  7122.3  
0879.3  0416.2  7130.6  
0686.4  0416.2  7138.9  
0817.5  0333.3  7145.6  
0902.5  0416.2  7153.9  
0894.8  0349.9  7160.9  
0887.1  0333.3  7167.6  
0956.7  0316.7  7173.9  
0956.7  0283.5  7179.6  
1096.6  0333.3  7186.2  
1135.5  0200.6  7190.3  
1213.6  0233.8  7194.9  
1096.6  0134.3  7197.6  
1018.8  0134.3  7200.3  
0825.2  0150.9  7203.3  
0678.7  0117.7  7205.7  
0540.4  0250.4  7210.7  
0648.0  0233.8  7215.4  
0763.5  0283.5  7221.0  
1088.8  0316.7  7227.4  
0709.5  0217.2  7231.7  
0678.7  0233.8  7236.4  
1018.8  0217.2  7240.7  
1096.6  0200.6  7244.7  
1151.1  0067.9  7246.1  
1268.4  0067.9  7247.5  
1307.6  0034.8  7248.2  
1143.3  -0180.7 7244.5  
1104.3  -0131.0 7241.9  
0933.5  -0213.9 7237.7  
0648.0  -0131.0 7235.0  
0594.1  -0064.6 7233.7  
0509.7  -0031.5 7233.1  
0425.3  0101.1  7235.1  
0356.4  0134.3  7237.8  
0387.0  0250.4  7242.8  
0502.0  0333.3  7249.5  
0525.0  0366.5  7256.8  
0586.5  0383.0  7264.5  
0341.0  0316.7  7270.8  
0272.2  0383.0  7278.5  
0256.9  0366.5  7285.8  
0272.2  0416.2  7294.1  
0279.8  0416.2  7302.5  
0157.4  0432.8  7311.1  
0233.9  0416.2  7319.4  
0302.8  0383.0  7327.1  
0325.7  0399.6  7335.1  
0402.3  0349.9  7342.1  
0287.5  0383.0  7349.8  
0425.3  0416.2  7358.1  
0287.5  0349.9  7365.1  
0318.1  0432.8  7373.7  
0142.1  0366.5  7381.1  
-0025.9 0466.0  7390.4  
-0003.0 0499.1  7400.4  
-0079.4 0515.7  7410.7  
-0194.1 0565.5  7422.0  
-0285.9 0532.3  7432.6  
-0255.3 0582.0  7444.3  
-0347.2 0582.0  7455.9  
-0079.4 0665.0  7469.2  
-0041.2 0631.8  7481.9  
-0064.2 0598.6  7493.8  
0111.5  0648.4  7506.8  
0272.2  0582.0  7518.5  
0440.6  0532.3  7529.1  
0525.0  0565.5  7540.4  
0509.7  0449.4  7549.4  
0486.6  0466.0  7558.7  
0532.7  0399.6  7566.7  
0433.0  0399.6  7574.7  
0348.7  0432.8  7583.4  
0211.0  0383.0  7591.0  
0019.8  0432.8  7599.7  
-0178.8 0366.5  7607.0  
-0163.5 0499.1  7617.0  
-0194.1 0515.7  7627.3  
-0209.4 0598.6  7639.3  
-0133.0 0648.4  7652.2  
-0087.1 0631.8  7664.9  
0088.6  0681.5  7678.5  
0211.0  0582.0  7690.2  
0249.2  0565.5  7701.5  
0463.6  0499.1  7711.5  
0555.7  0499.1  7721.4  
0571.1  0499.1  7731.4  
0871.6  0449.4  7740.4  
0964.5  0432.8  7749.1  
0863.9  0300.1  7755.1  
0802.1  0300.1  7761.1  
0655.6  0250.4  7766.1  
0686.4  0383.0  7773.7  
0624.9  0300.1  7779.7  
0402.3  0250.4  7784.8  
0142.1  0300.1  7790.8  
0180.4  0333.3  7797.4  
-0094.7 0416.2  7805.7  
-0003.0 0515.7  7816.1  
0233.9  0532.3  7826.7  
0341.0  0615.2  7839.0  
0717.2  0515.7  7849.3  
0763.5  0532.3  7860.0  
1127.7  0499.1  7870.0  
0879.3  0349.9  7877.0  
0655.6  0316.7  7883.3  
0701.8  0266.9  7888.6  
0825.2  0283.5  7894.3  
0825.2  0233.8  7899.0  
0663.3  0250.4  7904.0  
0755.8  0266.9  7909.3  
0771.2  0217.2  7913.7  
0925.8  0266.9  7919.0  
0894.8  0184.0  7922.7  
1081.0  0250.4  7927.7  
1018.8  0250.4  7932.7  
0879.3  0233.8  7937.4  
0887.1  0266.9  7942.7  
0671.0  0217.2  7947.1  
1034.3  0300.1  7953.1  
0987.8  0233.8  7957.7  
0701.8  0266.9  7963.1  
0956.7  0366.5  7970.4  
1276.2  0266.9  7975.8  
0964.5  0316.7  7982.1  
0972.2  0250.4  7987.1  
1323.3  0300.1  7993.1  
1182.3  0184.0  7996.8  
1252.7  0200.6  8000.8  
1465.0  0217.2  8005.1  
1425.6  0084.5  8006.8  
1127.7  0067.9  8008.2  
1166.7  0184.0  8011.9  
1639.5  0200.6  8015.9  
1457.1  0184.0  8019.6  
1135.5  0067.9  8020.9  
1221.4  0200.6  8024.9  
1221.4  0184.0  8028.6  
1276.2  0200.6  8032.6  
1081.0  0233.8  8037.3  
0956.7  0250.4  8042.3  
1221.4  0316.7  8048.7  
1299.7  0250.4  8053.7  
1354.7  0300.1  8059.7  
1615.7  0250.4  8064.7  
1591.8  0233.8  8069.4  
1783.5  0200.6  8073.4  
1528.3  0051.4  8074.4  
1655.5  0101.1  8076.4  
1671.4  -0014.9 8076.1  
1544.2  0084.5  8077.8  
1655.5  0117.7  8080.2  
1615.7  0051.4  8081.2  
1591.8  0084.5  8082.9  
1425.6  0067.9  8084.2  
1425.6  0167.4  8087.6  
1339.0  0117.7  8090.0  
1331.1  0217.2  8094.3  
1331.1  0300.1  8100.3  
1394.0  0233.8  8105.0  
1528.3  0316.7  8111.3  
1679.4  0283.5  8117.0  
1671.4  0283.5  8122.7  
2009.8  0283.5  8128.3  
1961.0  0200.6  8132.3  
1928.6  0217.2  8136.7  
1791.5  0101.1  8138.7  
1607.7  0117.7  8141.1  
1647.5  0084.5  8142.7  
1855.9  0150.9  8145.8  
1977.3  0150.9  8148.8  
1977.3  0001.6  8148.8  
1815.6  0067.9  8150.2  
1847.8  0001.6  8150.2  
1544.2  -0014.9 8149.9  
2066.9  0167.4  8153.3  
1759.4  0067.9  8154.6  
2034.2  0184.0  8158.3  
2189.9  0134.3  8161.0  
2264.2  0101.1  8163.0  
2173.4  -0014.9 8162.7  
2222.9  0034.8  8163.4  
2239.4  0067.9  8164.8  
1880.1  -0064.6 8163.5  
2380.7  0084.5  8165.2  
2927.6  0001.6  8165.2  
2506.6  -0131.0 8162.6  
2272.5  -0164.1 8159.3  
2498.2  -0114.4 8157.0  
2599.8  -0131.0 8154.4  
2414.1  -0197.3 8150.4  
2515.0  -0164.1 8147.2  
2289.1  -0247.0 8142.2  
2231.1  -0164.1 8138.9  
2355.6  -0131.0 8136.3  
2222.9  -0164.1 8133.0  
2372.3  -0164.1 8129.7  
2181.7  -0164.1 8126.5  
2264.2  -0097.8 8124.5  
2422.5  -0097.8 8122.5  
2439.3  -0164.1 8119.3  
2439.3  -0114.4 8117.0  
2439.3  -0147.5 8114.0  
2380.7  -0180.7 8110.4  
2066.9  -0180.7 8106.8  
2574.3  -0114.4 8104.5  
2565.8  -0114.4 8102.2  
2305.7  -0197.3 8098.3  
2297.4  -0114.4 8096.0  
2189.9  -0131.0 8093.4  
2017.9  -0114.4 8091.1  
1928.6  0001.6  8091.1  
2042.4  0051.4  8092.1  
2347.3  0134.3  8094.8  
1807.6  0034.8  8095.5  
1615.7  0051.4  8096.5  
2148.8  0117.7  8098.9  
2001.7  0101.1  8100.9  
1847.8  0134.3  8103.6  
2339.0  0150.9  8106.6  
2075.0  0101.1  8108.7  
2314.0  0117.7  8111.0  
2181.7  0101.1  8113.0  
2272.5  0034.8  8113.7  
2009.8  0051.4  8114.8  
2222.9  0134.3  8117.4  
2222.9  -0014.9 8117.1  
2231.1  0018.2  8117.5  
2140.6  -0014.9 8117.2  
2165.2  0001.6  8117.2  
2116.0  0117.7  8119.6  
2132.4  -0031.5 8119.0  
2116.0  0051.4  8120.0  
1928.6  0034.8  8120.7  
1961.0  0117.7  8123.0  
1920.5  0117.7  8125.4  
1799.6  0117.7  8127.8  
1944.8  0200.6  8131.8  
1831.7  0134.3  8134.5  
1896.3  0200.6  8138.5  
1912.4  0167.4  8141.8  
2083.2  0217.2  8146.2  
1807.6  0167.4  8149.5  
1993.5  0150.9  8152.5  
2107.8  0184.0  8156.2  
1904.3  0117.7  8158.6  
1977.3  0184.0  8162.2  
1920.5  0217.2  8166.6  
1904.3  0150.9  8169.6  
2017.9  0200.6  8173.6  
1928.6  0117.7  8176.0  
1961.0  0184.0  8179.7  
1855.9  0134.3  8182.4  
1847.8  0117.7  8184.7  
1944.8  0184.0  8188.4  
1936.7  0117.7  8190.7  
1944.8  0184.0  8194.4  
1912.4  0101.1  8196.4  
1831.7  0167.4  8199.8  
1928.6  0184.0  8203.5  
1751.4  0184.0  8207.2  
1783.5  0167.4  8210.5  
1671.4  0134.3  8213.2  
1864.0  0233.8  8217.9  
1993.5  0184.0  8221.5  
1751.4  0184.0  8225.2  
1864.0  0184.0  8228.9  
1977.3  0167.4  8232.3  
1920.5  0200.6  8236.3  
1831.7  0134.3  8239.0  
1880.1  0134.3  8241.6  
1872.0  0150.9  8244.7  
1791.5  0134.3  8247.4  
1888.2  0184.0  8251.0  
2009.8  0101.1  8253.1  
1936.7  0134.3  8255.7  
1864.0  0067.9  8257.1  
1920.5  0117.7  8259.5  
1791.5  0167.4  8262.8  
1855.9  0101.1  8264.8  
1896.3  0167.4  8268.2  
1743.4  0051.4  8269.2  
1735.4  0134.3  8271.9  
 