1471.0  1324.0  -0892.5 
1484.0  1325.0  -0892.8 
1474.0  1327.0  -0891.4 
1472.0  1321.0  -0891.9 
1468.0  1327.0  -0889.9 
1483.0  1323.0  -0890.8 
1485.0  1325.0  -0891.3 
1474.0  1323.0  -0891.3 
1478.0  1326.0  -0890.7 
1474.0  1326.0  -0889.7 
1476.0  1322.0  -0890.2 
1478.0  1326.0  -0889.7 
1477.0  1322.0  -0890.3 
1466.0  1323.0  -0889.5 
1469.0  1325.0  -0888.3 
1469.0  1323.0  -0887.8 
1484.0  1327.0  -0887.6 
1479.0  1321.0  -0888.8 
1470.0  1326.0  -0887.4 
1466.0  1326.0  -0885.6 
1486.0  1323.0  -0886.9 
1482.0  1324.0  -0887.4 
1475.0  1322.0  -0887.9 
1472.0  1327.0  -0886.4 
1479.0  1321.0  -0887.6 
1479.0  1327.0  -0886.9 
1471.0  1325.0  -0885.9 
1476.0  1323.0  -0886.2 
1478.0  1327.0  -0885.4 
1479.0  1323.0  -0885.9 
1483.0  1328.0  -0885.3 
1479.0  1325.0  -0885.2 
1470.0  1323.0  -0884.8 
1476.0  1325.0  -0884.5 
1466.0  1323.0  -0883.7 
1478.0  1325.0  -0883.5 
1479.0  1322.0  -0884.5 
1481.0  1326.0  -0884.3 
1476.0  1325.0  -0883.9 
1484.0  1322.0  -0885.3 
1460.0  1325.0  -0883.3 
1469.0  1322.0  -0883.2 
1472.0  1325.0  -0882.4 
1487.0  1325.0  -0883.2 
1475.0  1321.0  -0884.1 
1482.0  1324.0  -0884.6 
1481.0  1323.0  -0885.4 
1481.0  1327.0  -0884.9 
1473.0  1323.0  -0884.9 
1485.0  1324.0  -0885.7 
1484.0  1324.0  -0886.5 
1478.0  1326.0  -0885.9 
1482.0  1327.0  -0885.5 
1480.0  1323.0  -0886.2 
1485.0  1327.0  -0886.1 
1480.0  1326.0  -0885.7 
1466.0  1324.0  -0884.6 
1466.0  1327.0  -0882.6 
1481.0  1322.0  -0883.7 
1477.0  1325.0  -0883.5 
1474.0  1321.0  -0884.2 
1478.0  1325.0  -0884.0 
1472.0  1328.0  -0882.3 
1474.0  1322.0  -0882.7 
1481.0  1326.0  -0882.5 
1481.0  1321.0  -0884.0 
1486.0  1326.0  -0884.3 
1464.0  1323.0  -0883.4 
1476.0  1321.0  -0884.3 
1469.0  1324.0  -0883.6 
1478.0  1322.0  -0884.4 
1473.0  1323.0  -0884.3 
1471.0  1324.0  -0883.8 
1480.0  1326.0  -0883.5 
1474.0  1325.0  -0882.9 
1481.0  1324.0  -0883.4 
1484.0  1325.0  -0883.9 
1475.0  1322.0  -0884.4 
1485.0  1327.0  -0884.3 
1469.0  1326.0  -0882.9 
1479.0  1328.0  -0881.8 
1464.0  1326.0  -0879.9 
1475.0  1323.0  -0880.2 
1474.0  1326.0  -0879.3 
1476.0  1323.0  -0879.6 
1470.0  1321.0  -0880.0 
1470.0  1325.0  -0879.1 
1484.0  1326.0  -0879.3 
1478.0  1326.0  -0878.8 
1462.0  1323.0  -0877.8 
1473.0  1325.0  -0877.2 
1468.0  1326.0  -0875.7 
1483.0  1325.0  -0876.2 
1471.0  1324.0  -0875.7 
1483.0  1322.0  -0877.2 
1470.0  1323.0  -0876.9 
1475.0  1321.0  -0877.9 
1469.0  1324.0  -0877.2 
1475.0  1325.0  -0876.8 
1474.0  1322.0  -0877.3 
1466.0  1323.0  -0876.6 
1474.0  1323.0  -0876.8 
1476.0  1326.0  -0876.2 
1475.0  1326.0  -0875.5 
1473.0  1324.0  -0875.3 
1464.0  1327.0  -0873.1 
1477.0  1323.0  -0873.7 
1488.0  1327.0  -0874.0 
1489.0  1325.0  -0875.1 
1471.0  1327.0  -0873.7 
1478.0  1327.0  -0873.0 
1483.0  1323.0  -0874.1 
1475.0  1327.0  -0873.1 
1482.0  1323.0  -0874.2 
1474.0  1325.0  -0873.7 
1479.0  1325.0  -0873.8 
1481.0  1326.0  -0873.8 
1464.0  1326.0  -0872.0 
1474.0  1322.0  -0872.5 
1470.0  1323.0  -0872.3 
1471.0  1323.0  -0872.3 
1476.0  1326.0  -0871.7 
1468.0  1323.0  -0871.3 
1475.0  1321.0  -0872.3 
1471.0  1324.0  -0871.9 
1477.0  1322.0  -0872.8 
1476.0  1325.0  -0872.6 
1479.0  1324.0  -0873.0 
1474.0  1324.0  -0872.9 
1472.0  1324.0  -0872.6 
1484.0  1322.0  -0874.2 
1470.0  1323.0  -0874.0 
1478.0  1322.0  -0874.9 
1472.0  1325.0  -0874.3 
1487.0  1326.0  -0874.8 
1484.0  1324.0  -0875.7 
1484.0  1325.0  -0876.3 
1462.0  1323.0  -0875.2 
1479.0  1327.0  -0874.6 
1471.0  1327.0  -0873.2 
1481.0  1323.0  -0874.1 
1481.0  1323.0  -0875.1 
1483.0  1323.0  -0876.2 
1472.0  1327.0  -0874.9 
1481.0  1324.0  -0875.4 
1479.0  1326.0  -0875.2 
1479.0  1325.0  -0875.2 
1466.0  1325.0  -0873.9 
1473.0  1326.0  -0873.1 
1469.0  1322.0  -0873.1 
1482.0  1325.0  -0873.5 
1483.0  1325.0  -0874.0 
1477.0  1323.0  -0874.5 
1468.0  1325.0  -0873.4 
1484.0  1322.0  -0875.0 
1481.0  1326.0  -0874.9 
1469.0  1322.0  -0874.9 
1477.0  1325.0  -0874.8 
1478.0  1324.0  -0875.1 
1470.0  1321.0  -0875.5 
1462.0  1326.0  -0873.5 
1469.0  1322.0  -0873.5 
1479.0  1327.0  -0872.9 
1479.0  1325.0  -0873.0 
1475.0  1323.0  -0873.3 
1478.0  1326.0  -0873.0 
1479.0  1323.0  -0873.7 
1478.0  1326.0  -0873.4 
1476.0  1321.0  -0874.4 
1473.0  1325.0  -0873.9 
1475.0  1325.0  -0873.5 
1489.0  1324.0  -0875.0 
1473.0  1394.0  -0851.8 
1485.0  1322.0  -0853.8 
1486.0  1394.0  -0832.3 
1479.0  1325.0  -0832.9 
1488.0  1394.0  -0811.8 
1466.0  1325.0  -0811.4 
1474.0  1322.0  -0812.7 
1493.0  1325.0  -0815.1 
1493.0  1322.0  -0818.3 
1481.0  1323.0  -0820.0 
1474.0  1326.0  -0819.9 
1483.0  1323.0  -0821.8 
1480.0  1326.0  -0822.3 
1493.0  1325.0  -0824.5 
1483.0  1326.0  -0825.3 
1473.0  1327.0  -0824.7 
1470.0  1325.0  -0824.5 
1468.0  1327.0  -0823.4 
1473.0  1323.0  -0824.2 
1480.0  1325.0  -0825.0 
1473.0  1322.0  -0826.1 
1459.0  1325.0  -0824.8 
1473.0  1326.0  -0824.5 
1475.0  1322.0  -0825.8 
1483.0  1325.0  -0826.9 
1472.0  1323.0  -0827.6 
1473.0  1325.0  -0827.6 
1481.0  1324.0  -0828.8 
1477.0  1324.0  -0829.6 
1472.0  1325.0  -0829.6 
1484.0  1321.0  -0832.0 
1478.0  1323.0  -0833.2 
1469.0  1321.0  -0834.1 
1476.0  1323.0  -0835.0 
1460.0  1325.0  -0833.7 
1467.0  1323.0  -0833.7 
1472.0  1327.0  -0832.9 
1479.0  1322.0  -0834.5 
1475.0  1325.0  -0834.7 
1480.0  1322.0  -0836.4 
1476.0  1323.0  -0837.3 
1481.0  1326.0  -0837.7 
1476.0  1324.0  -0838.3 
1471.0  1326.0  -0837.6 
1479.0  1326.0  -0837.9 
1482.0  1326.0  -0838.4 
1477.0  1328.0  -0837.7 
1479.0  1324.0  -0838.6 
1462.0  1327.0  -0836.7 
1473.0  1322.0  -0837.7 
1479.0  1323.0  -0838.9 
1481.0  1325.0  -0839.6 
1474.0  1323.0  -0840.3 
1462.0  1326.0  -0838.7 
1481.0  1323.0  -0840.1 
1475.0  1324.0  -0840.5 
1476.0  1321.0  -0842.0 
1471.0  1325.0  -0841.7 
1477.0  1325.0  -0842.0 
1472.0  1320.0  -0843.4 
1468.0  1325.0  -0842.7 
1476.0  1322.0  -0843.9 
1474.0  1324.0  -0844.2 
1485.0  1328.0  -0844.3 
1490.0  1321.0  -0847.2 
1476.0  1326.0  -0847.0 
1489.0  1322.0  -0849.4 
1484.0  1327.0  -0849.6 
1480.0  1324.0  -0850.5 
1486.0  1323.0  -0852.2 
1479.0  1327.0  -0851.9 
1471.0  1327.0  -0850.8 
1479.0  1328.0  -0850.2 
1485.0  1323.0  -0851.8 
1480.0  1325.0  -0852.3 
1477.0  1325.0  -0852.4 
1477.0  1323.0  -0853.2 
1481.0  1326.0  -0853.5 
1475.0  1323.0  -0854.0 
1484.0  1326.0  -0854.6 
1485.0  1322.0  -0856.5 
1476.0  1325.0  -0856.5 
1479.0  1324.0  -0857.1 
1486.0  1322.0  -0859.1 
1477.0  1324.0  -0859.5 
1479.0  1322.0  -0860.7 
1485.0  1328.0  -0860.6 
1479.0  1325.0  -0860.8 
1471.0  1324.0  -0860.6 
1474.0  1325.0  -0860.3 
1478.0  1323.0  -0861.1 
1478.0  1324.0  -0861.6 
1461.0  1321.0  -0861.3 
1477.0  1326.0  -0861.0 
1468.0  1325.0  -0860.1 
1481.0  1323.0  -0861.2 
1474.0  1326.0  -0860.6 
1482.0  1323.0  -0861.8 
1484.0  1326.0  -0862.2 
1474.0  1329.0  -0860.6 
1483.0  1327.0  -0860.6 
1476.0  1325.0  -0860.6 
1490.0  1322.0  -0862.9 
1479.0  1326.0  -0862.8 
1483.0  1321.0  -0864.7 
1484.0  1323.0  -0866.1 
1474.0  1327.0  -0865.1 
1476.0  1323.0  -0865.6 
1477.0  1326.0  -0865.3 
1483.0  1323.0  -0866.5 
1487.0  1324.0  -0867.8 
1481.0  1325.0  -0868.2 
1467.0  1323.0  -0867.8 
1477.0  1326.0  -0867.4 
1477.0  1321.0  -0868.6 
1472.0  1325.0  -0868.1 
1486.0  1323.0  -0869.6 
1485.0  1324.0  -0870.6 
1471.0  1326.0  -0869.6 
1477.0  1321.0  -0870.8 
1483.0  1326.0  -0871.0 
1474.0  1322.0  -0871.6 
1478.0  1326.0  -0871.3 
1474.0  1326.0  -0870.5 
1466.0  1324.0  -0869.6 
1466.0  1326.0  -0868.1 
1474.0  1323.0  -0868.4 
1477.0  1326.0  -0868.0 
1475.0  1322.0  -0868.7 
1478.0  1322.0  -0869.7 
1475.0  1325.0  -0869.5 
1478.0  1323.0  -0870.1 
1465.0  1326.0  -0868.5 
1466.0  1324.0  -0867.6 
1475.0  1325.0  -0867.4 
1468.0  1322.0  -0867.4 
1479.0  1322.0  -0868.5 
1479.0  1325.0  -0868.7 
1470.0  1321.0  -0869.2 
1481.0  1325.0  -0869.5 
1479.0  1326.0  -0869.3 
1471.0  1325.0  -0868.6 
1482.0  1326.0  -0868.7 
1476.0  1322.0  -0869.6 
1476.0  1326.0  -0869.0 
1472.0  1323.0  -0869.1 
1479.0  1324.0  -0869.6 
1476.0  1326.0  -0869.1 
1478.0  1321.0  -0870.4 
1472.0  1326.0  -0869.5 
1477.0  1323.0  -0870.0 
1483.0  1325.0  -0870.6 
1474.0  1323.0  -0870.8 
1479.0  1326.0  -0870.6 
1481.0  1326.0  -0870.6 
1490.0  1326.0  -0871.5 
1477.0  1326.0  -0871.1 
1482.0  1322.0  -0872.5 
1468.0  1325.0  -0871.4 
1487.0  1325.0  -0872.4 
1475.0  1327.0  -0871.4 
1468.0  1326.0  -0870.0 
1472.0  1322.0  -0870.4 
1473.0  1325.0  -0869.9 
1478.0  1322.0  -0870.9 
1467.0  1323.0  -0870.5 
1458.0  1325.0  -0868.4 
1474.0  1325.0  -0868.0 
1479.0  1323.0  -0868.8 
1477.0  1320.0  -0870.4 
1481.0  1325.0  -0870.7 
1480.0  1326.0  -0870.6 
1476.0  1324.0  -0870.8 
1460.0  1324.0  -0869.2 
1486.0  1322.0  -0871.1 
1481.0  1325.0  -0871.4 
1480.0  1323.0  -0872.2 
1477.0  1327.0  -0871.5 
1482.0  1326.0  -0871.6 
1471.0  1325.0  -0870.8 
1481.0  1326.0  -0870.8 
1478.0  1324.0  -0871.2 
1481.0  1325.0  -0871.5 
1474.0  1325.0  -0871.1 
1471.0  1325.0  -0870.3 
1471.0  1325.0  -0869.6 
1488.0  1323.0  -0871.3 
1479.0  1325.0  -0871.4 
1485.0  1322.0  -0873.1 
1469.0  1324.0  -0872.5 
1489.0  1327.0  -0873.0 
1474.0  1320.0  -0874.2 
1476.0  1325.0  -0873.9 
1484.0  1322.0  -0875.5 
1477.0  1325.0  -0875.4 
1482.0  1326.0  -0875.4 
1471.0  1323.0  -0875.3 
1482.0  1326.0  -0875.3 
1472.0  1324.0  -0875.0 
1473.0  1327.0  -0873.7 
1480.0  1322.0  -0874.9 
1484.0  1323.0  -0876.1 
1472.0  1326.0  -0875.1 
1466.0  1324.0  -0874.2 
1482.0  1327.0  -0873.9 
1489.0  1324.0  -0875.3 
1467.0  1329.0  -0872.8 
1474.0  1326.0  -0872.1 
1466.0  1322.0  -0871.8 
1467.0  1326.0  -0870.3 
1484.0  1323.0  -0871.6 
1483.0  1324.0  -0872.5 
1469.0  1321.0  -0872.8 
1478.0  1326.0  -0872.5 
1478.0  1325.0  -0872.5 
1466.0  1321.0  -0872.5 
1476.0  1325.0  -0872.3 
1483.0  1321.0  -0874.1 
1479.0  1325.0  -0874.2 
1475.0  1325.0  -0873.9 
1480.0  1324.0  -0874.4 
1481.0  1326.0  -0874.3 
1480.0  1322.0  -0875.4 
1482.0  1324.0  -0876.1 
1481.0  1322.0  -0877.4 
1475.0  1321.0  -0878.3 
1472.0  1326.0  -0877.2 
1477.0  1322.0  -0878.0 
1481.0  1326.0  -0877.9 
1484.0  1324.0  -0878.8 
1476.0  1326.0  -0878.2 
1479.0  1323.0  -0878.8 
1482.0  1323.0  -0879.8 
1480.0  1326.0  -0879.6 
1477.0  1324.0  -0879.7 
1474.0  1327.0  -0878.5 
1475.0  1324.0  -0878.4 
1484.0  1323.0  -0879.6 
1468.0  1326.0  -0878.1 
1474.0  1322.0  -0878.6 
1475.0  1327.0  -0877.6 
1481.0  1323.0  -0878.4 
1478.0  1326.0  -0878.0 
1482.0  1324.0  -0878.7 
1473.0  1323.0  -0878.7 
1483.0  1326.0  -0878.8 
1472.0  1321.0  -0879.4 
1484.0  1325.0  -0879.9 
1476.0  1321.0  -0880.9 
1475.0  1326.0  -0880.1 
1482.0  1326.0  -0880.1 
1478.0  1323.0  -0880.7 
1474.0  1327.0  -0879.5 
1478.0  1322.0  -0880.3 
1479.0  1325.0  -0880.3 
1483.0  1326.0  -0880.4 
1475.0  1323.0  -0880.6 
1467.0  1327.0  -0878.7 
1476.0  1322.0  -0879.4 
1481.0  1325.0  -0879.6 
1476.0  1322.0  -0880.3 
1480.0  1327.0  -0879.7 
1454.0  1327.0  -0876.5 
1477.0  1326.0  -0876.0 
1473.0  1325.0  -0875.4 
1475.0  1323.0  -0875.7 
1478.0  1326.0  -0875.3 
1476.0  1327.0  -0874.4 
1483.0  1322.0  -0875.9 
1468.0  1326.0  -0874.4 
1482.0  1321.0  -0876.1 
1480.0  1324.0  -0876.6 
1486.0  1322.0  -0878.3 
1475.0  1325.0  -0877.9 
1471.0  1326.0  -0876.8 
1473.0  1322.0  -0877.2 
1474.0  1326.0  -0876.4 
1477.0  1322.0  -0877.2 
1480.0  1326.0  -0877.0 
1467.0  1326.0  -0875.5 
1467.0  1325.0  -0874.3 
1480.0  1327.0  -0873.8 
1489.0  1322.0  -0875.9 
1475.0  1326.0  -0875.2 
1477.0  1323.0  -0875.7 
1473.0  1326.0  -0874.8 
1474.0  1326.0  -0874.0 
1488.0  1323.0  -0875.7 
1495.0  1325.0  -0877.3 
1477.0  1322.0  -0878.1 
1464.0  1327.0  -0876.0 
1473.0  1325.0  -0875.4 
1473.0  1324.0  -0875.2 
1480.0  1326.0  -0875.0 
1479.0  1325.0  -0875.0 
1479.0  1326.0  -0874.8 
1483.0  1322.0  -0876.2 
1487.0  1322.0  -0878.1 
1484.0  1326.0  -0878.3 
1477.0  1321.0  -0879.4 
1463.0  1324.0  -0878.1 
1477.0  1322.0  -0878.8 
1472.0  1325.0  -0878.1 
1479.0  1326.0  -0877.8 
1471.0  1323.0  -0877.7 
1478.0  1326.0  -0877.3 
1479.0  1323.0  -0877.9 
1483.0  1327.0  -0877.7 
1482.0  1321.0  -0879.3 
1480.0  1325.0  -0879.4 
1473.0  1326.0  -0878.5 
1471.0  1323.0  -0878.3 
1471.0  1326.0  -0877.2 
1476.0  1324.0  -0877.3 
1486.0  1326.0  -0877.7 
1468.0  1326.0  -0876.2 
1476.0  1324.0  -0876.3 
1471.0  1327.0  -0874.9 
1475.0  1320.0  -0876.1 
1486.0  1324.0  -0877.2 
1478.0  1321.0  -0878.5 
1486.0  1319.0  -0881.1 
1472.0  1325.0  -0880.4 
1474.0  1322.0  -0880.9 
1476.0  1325.0  -0880.5 
1472.0  1322.0  -0880.8 
1484.0  1326.0  -0880.9 
1482.0  1324.0  -0881.5 
1468.0  1323.0  -0881.0 
1465.0  1325.0  -0879.6 
1472.0  1322.0  -0879.8 
1482.0  1324.0  -0880.5 
1469.0  1326.0  -0879.1 
1483.0  1326.0  -0879.2 
1477.0  1324.0  -0879.3 
1476.0  1323.0  -0879.6 
1480.0  1325.0  -0879.7 
1470.0  1324.0  -0879.1 
1475.0  1325.0  -0878.7 
1476.0  1326.0  -0878.1 
1475.0  1322.0  -0878.7 
1482.0  1325.0  -0879.0 
1479.0  1322.0  -0880.0 
1476.0  1325.0  -0879.7 
1473.0  1324.0  -0879.4 
1474.0  1325.0  -0878.9 
1469.0  1326.0  -0877.5 
1480.0  1323.0  -0878.3 
1475.0  1326.0  -0877.6 
1480.0  1322.0  -0878.7 
1482.0  1324.0  -0879.3 
1480.0  1325.0  -0879.4 
1481.0  1322.0  -0880.6 
1481.0  1327.0  -0880.1 
1476.0  1322.0  -0880.8 
1481.0  1325.0  -0881.0 
1480.0  1322.0  -0882.0 
1475.0  1327.0  -0880.9 
1473.0  1326.0  -0880.0 
1468.0  1324.0  -0879.1 
1473.0  1325.0  -0878.5 
1482.0  1321.0  -0880.2 
1473.0  1325.0  -0879.5 
1474.0  1326.0  -0878.7 
1483.0  1324.0  -0879.4 
1475.0  1326.0  -0878.7 
1479.0  1324.0  -0879.0 
1482.0  1323.0  -0880.0 
1489.0  1322.0  -0882.0 
1485.0  1325.0  -0882.6 
1479.0  1326.0  -0882.2 
1481.0  1323.0  -0883.0 
1488.0  1325.0  -0883.9 
1473.0  1321.0  -0884.5 
1482.0  1326.0  -0884.4 
1477.0  1327.0  -0883.5 
1483.0  1324.0  -0884.2 
1488.0  1325.0  -0885.0 
1482.0  1323.0  -0885.9 
1486.0  1326.0  -0886.2 
1477.0  1324.0  -0886.2 
1476.0  1323.0  -0886.5 
1464.0  1324.0  -0885.2 
1483.0  1323.0  -0886.2 
1497.0  1328.0  -0887.0 
1485.0  1323.0  -0888.1 
1475.0  1327.0  -0886.9 
1488.0  1326.0  -0887.4 
1483.0  1324.0  -0888.1 
1471.0  1327.0  -0886.5 
1473.0  1322.0  -0886.7 
1473.0  1327.0  -0885.4 
1484.0  1323.0  -0886.5 
1471.0  1327.0  -0884.9 
1473.0  1325.0  -0884.2 
1488.0  1322.0  -0886.0 
1471.0  1325.0  -0885.1 
1474.0  1322.0  -0885.5 
1479.0  1323.0  -0886.1 
1480.0  1323.0  -0886.8 
1472.0  1323.0  -0886.6 
1481.0  1326.0  -0886.4 
1469.0  1322.0  -0886.2 
1480.0  1323.0  -0886.9 
1472.0  1322.0  -0887.1 
1474.0  1326.0  -0886.1 
1482.0  1326.0  -0886.0 
1483.0  1323.0  -0887.0 
1477.0  1324.0  -0887.0 
1482.0  1322.0  -0888.2 
1484.0  1325.0  -0888.6 
1471.0  1327.0  -0887.0 
1473.0  1327.0  -0885.6 
1474.0  1326.0  -0884.7 
1480.0  1323.0  -0885.4 
1493.0  1328.0  -0885.7 
1467.0  1322.0  -0885.4 
1487.0  1326.0  -0885.8 
1482.0  1326.0  -0885.7 
1467.0  1323.0  -0885.1 
1473.0  1326.0  -0884.0 
1483.0  1322.0  -0885.4 
1478.0  1326.0  -0884.8 
1476.0  1323.0  -0885.1 
1482.0  1326.0  -0885.0 
1479.0  1326.0  -0884.6 
1476.0  1321.0  -0885.5 
1478.0  1324.0  -0885.7 
1473.0  1326.0  -0884.7 
1473.0  1326.0  -0883.6 
1481.0  1324.0  -0884.1 
1483.0  1322.0  -0885.4 
1474.0  1326.0  -0884.5 
1476.0  1322.0  -0885.1 
1475.0  1325.0  -0884.6 
1478.0  1325.0  -0884.5 
1471.0  1322.0  -0884.6 
1478.0  1325.0  -0884.4 
1473.0  1323.0  -0884.3 
1485.0  1326.0  -0884.6 
1480.0  1322.0  -0885.6 
1484.0  1325.0  -0886.0 
1473.0  1325.0  -0885.3 
1488.0  1323.0  -0886.8 
1480.0  1326.0  -0886.5 
1480.0  1322.0  -0887.5 
1482.0  1324.0  -0888.0 
1469.0  1327.0  -0886.2 
1477.0  1321.0  -0887.2 
1471.0  1326.0  -0886.0 
1471.0  1322.0  -0886.0 
1471.0  1327.0  -0884.5 
1470.0  1323.0  -0884.1 
1475.0  1323.0  -0884.3 
1471.0  1328.0  -0882.4 
1468.0  1326.0  -0880.9 
1473.0  1326.0  -0880.0 
1477.0  1322.0  -0880.7 
1472.0  1325.0  -0880.0 
1472.0  1325.0  -0879.3 
1480.0  1324.0  -0879.7 
1484.0  1325.0  -0880.2 
1470.0  1322.0  -0880.2 
1474.0  1325.0  -0879.7 
1473.0  1325.0  -0879.1 
1480.0  1326.0  -0878.9 
1484.0  1327.0  -0878.7 
1476.0  1322.0  -0879.4 
1488.0  1325.0  -0880.3 
1484.0  1322.0  -0881.8 
1469.0  1327.0  -0880.1 
1467.0  1325.0  -0878.9 
1482.0  1326.0  -0878.8 
1466.0  1325.0  -0877.5 
1479.0  1323.0  -0878.2 
1490.0  1325.0  -0879.3 
1474.0  1322.0  -0879.8 
1472.0  1324.0  -0879.4 
1467.0  1326.0  -0877.8 
1490.0  1322.0  -0880.0 
1477.0  1325.0  -0879.7 
1473.0  1320.0  -0880.8 
1489.0  1326.0  -0881.4 
1481.0  1328.0  -0880.6 
1474.0  1322.0  -0881.1 
1481.0  1325.0  -0881.3 
1467.0  1323.0  -0880.7 
1482.0  1326.0  -0880.6 
1473.0  1322.0  -0881.0 
1485.0  1324.0  -0881.9 
1484.0  1326.0  -0882.0 
1487.0  1322.0  -0883.8 
1468.0  1328.0  -0881.6 
1473.0  1323.0  -0881.6 
1485.0  1326.0  -0881.9 
1479.0  1325.0  -0881.9 
1485.0  1324.0  -0882.8 
1473.0  1327.0  -0881.5 
1483.0  1323.0  -0882.5 
1477.0  1324.0  -0882.6 
1461.0  1326.0  -0880.3 
1481.0  1326.0  -0880.2 
1471.0  1325.0  -0879.4 
1483.0  1321.0  -0881.1 
1466.0  1326.0  -0879.4 
1480.0  1323.0  -0880.2 
1478.0  1325.0  -0880.0 
1474.0  1325.0  -0879.5 
1475.0  1325.0  -0879.1 
1456.0  1326.0  -0876.4 
1466.0  1324.0  -0875.5 
1485.0  1323.0  -0876.8 
1470.0  1322.0  -0876.9 
1479.0  1323.0  -0877.5 
1476.0  1326.0  -0876.9 
1467.0  1322.0  -0876.7 
1476.0  1325.0  -0876.4 
1475.0  1323.0  -0876.7 
1482.0  1326.0  -0876.7 
1492.0  1323.0  -0878.8 
1474.0  1326.0  -0877.9 
1479.0  1326.0  -0877.6 
1482.0  1321.0  -0879.2 
1473.0  1327.0  -0878.0 
1479.0  1327.0  -0877.3 
1473.0  1321.0  -0878.1 
1469.0  1325.0  -0877.0 
1471.0  1322.0  -0877.2 
1471.0  1325.0  -0876.4 
1472.0  1323.0  -0876.4 
1484.0  1325.0  -0877.0 
1478.0  1325.0  -0876.9 
1483.0  1323.0  -0878.0 
1480.0  1327.0  -0877.4 
1482.0  1321.0  -0879.1 
1474.0  1327.0  -0877.9 
1486.0  1324.0  -0879.0 
1478.0  1325.0  -0878.9 
1477.0  1325.0  -0878.7 
1473.0  1324.0  -0878.4 
1475.0  1327.0  -0877.3 
1483.0  1323.0  -0878.4 
1472.0  1325.0  -0877.7 
1471.0  1325.0  -0876.9 
1477.0  1323.0  -0877.4 
1479.0  1326.0  -0877.1 
1473.0  1323.0  -0877.2 
1480.0  1323.0  -0877.9 
1491.0  1321.0  -0880.5 
1480.0  1325.0  -0880.6 
1455.0  1327.0  -0877.5 
1479.0  1326.0  -0877.1 
1480.0  1325.0  -0877.3 
1466.0  1323.0  -0876.6 
1477.0  1325.0  -0876.5 
1473.0  1326.0  -0875.5 
1474.0  1321.0  -0876.4 
1475.0  1326.0  -0875.7 
1476.0  1322.0  -0876.4 
1481.0  1325.0  -0876.6 
1479.0  1323.0  -0877.3 
1471.0  1325.0  -0876.5 
1471.0  1327.0  -0875.1 
1473.0  1323.0  -0875.2 
1492.0  1324.0  -0876.9 
1475.0  1323.0  -0877.2 
1477.0  1326.0  -0876.7 
1478.0  1326.0  -0876.3 
1483.0  1326.0  -0876.4 
1484.0  1327.0  -0876.3 
1484.0  1323.0  -0877.5 
1483.0  1326.0  -0877.6 
1480.0  1323.0  -0878.4 
1469.0  1325.0  -0877.4 
1471.0  1324.0  -0876.9 
1458.0  1322.0  -0875.8 
1496.0  1324.0  -0877.9 
1482.0  1323.0  -0878.9 
1485.0  1326.0  -0879.2 
1464.0  1325.0  -0877.6 
1481.0  1325.0  -0877.8 
1466.0  1325.0  -0876.5 
1473.0  1321.0  -0877.3 
1468.0  1324.0  -0876.5 
1484.0  1322.0  -0878.0 
1470.0  1325.0  -0877.1 
1476.0  1325.0  -0876.8 
1479.0  1321.0  -0878.2 
1476.0  1326.0  -0877.5 
1472.0  1324.0  -0877.2 
1478.0  1325.0  -0877.1 
1476.0  1325.0  -0876.8 
1472.0  1322.0  -0877.1 
1471.0  1326.0  -0876.0 
1482.0  1323.0  -0877.0 
1493.0  1328.0  -0877.5 
1477.0  1325.0  -0877.3 
1475.0  1324.0  -0877.2 
1473.0  1326.0  -0876.3 
1475.0  1324.0  -0876.3 
1469.0  1327.0  -0874.6 
1484.0  1323.0  -0875.9 
1478.0  1324.0  -0876.1 
1466.0  1325.0  -0874.8 
1469.0  1324.0  -0874.2 
1472.0  1326.0  -0873.2 
1480.0  1322.0  -0874.4 
1473.0  1324.0  -0874.1 
1481.0  1321.0  -0875.7 
1475.0  1321.0  -0876.7 
1469.0  1325.0  -0875.7 
1484.0  1322.0  -0877.2 
1479.0  1326.0  -0876.9 
1481.0  1322.0  -0878.1 
1486.0  1325.0  -0878.9 
1476.0  1324.0  -0878.9 
1476.0  1323.0  -0879.2 
1473.0  1325.0  -0878.6 
1471.0  1323.0  -0878.5 
1473.0  1325.0  -0877.9 
1481.0  1327.0  -0877.4 
1480.0  1325.0  -0877.5 
1473.0  1326.0  -0876.6 
1483.0  1324.0  -0877.4 
1478.0  1327.0  -0876.7 
1488.0  1323.0  -0878.3 
1481.0  1326.0  -0878.2 
1474.0  1326.0  -0877.3 
1472.0  1322.0  -0877.6 
1470.0  1325.0  -0876.7 
1471.0  1323.0  -0876.6 
1488.0  1327.0  -0876.9 
1473.0  1327.0  -0875.7 
1481.0  1325.0  -0875.9 
1470.0  1325.0  -0875.0 
1480.0  1323.0  -0875.8 
1462.0  1326.0  -0873.8 
1483.0  1322.0  -0875.3 
1482.0  1325.0  -0875.6 
1472.0  1325.0  -0875.0 
1475.0  1326.0  -0874.3 
1480.0  1326.0  -0874.1 
1481.0  1323.0  -0875.0 
1484.0  1326.0  -0875.3 
1469.0  1322.0  -0875.3 
1481.0  1322.0  -0876.5 
1478.0  1325.0  -0876.5 
1482.0  1323.0  -0877.5 
1473.0  1326.0  -0876.5 
1488.0  1323.0  -0878.2 
1479.0  1325.0  -0878.2 
1478.0  1327.0  -0877.4 
1470.0  1323.0  -0877.2 
1463.0  1327.0  -0874.9 
1475.0  1323.0  -0875.2 
1488.0  1326.0  -0875.9 
1483.0  1322.0  -0877.3 
1482.0  1325.0  -0877.6 
1474.0  1326.0  -0876.8 
1483.0  1323.0  -0877.9 
1482.0  1324.0  -0878.6 
1478.0  1322.0  -0879.4 
1483.0  1325.0  -0879.8 
1480.0  1325.0  -0879.9 
1473.0  1324.0  -0879.6 
1478.0  1325.0  -0879.5 
1481.0  1322.0  -0880.7 
1466.0  1326.0  -0879.0 
1476.0  1322.0  -0879.7 
1480.0  1325.0  -0879.8 
1476.0  1326.0  -0879.2 
1479.0  1322.0  -0880.1 
1478.0  1324.0  -0880.4 
1464.0  1322.0  -0879.8 
1474.0  1326.0  -0878.9 
1472.0  1327.0  -0877.6 
1467.0  1326.0  -0876.0 
1467.0  1326.0  -0874.5 
1479.0  1322.0  -0875.6 
1484.0  1327.0  -0875.5 
1481.0  1323.0  -0876.4 
1486.0  1322.0  -0878.1 
1472.0  1324.0  -0877.7 
1476.0  1323.0  -0878.1 
1478.0  1326.0  -0877.7 
1473.0  1324.0  -0877.4 
1474.0  1323.0  -0877.6 
1479.0  1325.0  -0877.6 
1467.0  1322.0  -0877.4 
1483.0  1325.0  -0877.8 
1476.0  1322.0  -0878.5 
1484.0  1324.0  -0879.3 
1479.0  1326.0  -0879.0 
1476.0  1324.0  -0879.0 
1472.0  1327.0  -0877.7 
1480.0  1323.0  -0878.4 
1462.0  1326.0  -0876.4 
1469.0  1322.0  -0876.4 
1485.0  1325.0  -0877.0 
1484.0  1325.0  -0877.6 
1476.0  1324.0  -0877.6 
1456.0  1327.0  -0874.6 
1477.0  1323.0  -0875.1 
1482.0  1325.0  -0875.5 
1475.0  1323.0  -0875.8 
1473.0  1323.0  -0875.9 
1471.0  1326.0  -0874.8 
1476.0  1324.0  -0874.8 
1456.0  1326.0  -0872.2 
1476.0  1321.0  -0873.3 
1474.0  1326.0  -0872.5 
1487.0  1321.0  -0874.8 
1473.0  1321.0  -0875.5 
1468.0  1325.0  -0874.4 
1480.0  1322.0  -0875.6 
1477.0  1326.0  -0875.1 
1477.0  1327.0  -0874.3 
1471.0  1326.0  -0873.2 
1481.0  1326.0  -0873.2 
1478.0  1323.0  -0873.8 
1473.0  1326.0  -0872.9 
1484.0  1322.0  -0874.5 
1482.0  1326.0  -0874.5 
1476.0  1327.0  -0873.6 
1477.0  1321.0  -0874.8 
1478.0  1327.0  -0874.1 
1480.0  1323.0  -0874.9 
1494.0  1326.0  -0876.2 
1474.0  1323.0  -0876.4 
1480.0  1325.0  -0876.5 
1461.0  1325.0  -0874.7 
1474.0  1323.0  -0874.9 
1475.0  1325.0  -0874.6 
1481.0  1323.0  -0875.5 
1480.0  1326.0  -0875.3 
1477.0  1324.0  -0875.5 
1473.0  1323.0  -0875.6 
1482.0  1325.0  -0875.9 
1484.0  1324.0  -0876.8 
1479.0  1322.0  -0877.8 
1474.0  1320.0  -0879.0 
1475.0  1325.0  -0878.5 
1488.0  1326.0  -0879.2 
1481.0  1325.0  -0879.4 
1479.0  1326.0  -0879.0 
1474.0  1322.0  -0879.5 
1478.0  1326.0  -0879.1 
1476.0  1327.0  -0878.1 
1474.0  1322.0  -0878.6 
1480.0  1325.0  -0878.7 
1476.0  1323.0  -0879.0 
1495.0  1324.0  -0881.0 
1472.0  1324.0  -0880.6 
1476.0  1325.0  -0880.3 
1482.0  1326.0  -0880.2 
1473.0  1322.0  -0880.6 
1479.0  1326.0  -0880.3 
1473.0  1322.0  -0880.6 
1483.0  1325.0  -0881.0 
1472.0  1326.0  -0879.9 
1479.0  1323.0  -0880.6 
1473.0  1326.0  -0879.6 
1486.0  1322.0  -0881.3 
1476.0  1326.0  -0880.6 
1479.0  1323.0  -0881.3 
1482.0  1326.0  -0881.2 
1484.0  1325.0  -0881.7 
1485.0  1321.0  -0883.6 
1466.0  1326.0  -0881.9 
1480.0  1323.0  -0882.6 
1479.0  1325.0  -0882.6 
1476.0  1327.0  -0881.6 
1488.0  1325.0  -0882.4 
1480.0  1327.0  -0881.9 
1484.0  1324.0  -0882.7 
1485.0  1326.0  -0882.9 
1483.0  1323.0  -0883.9 
1476.0  1322.0  -0884.5 
1470.0  1325.0  -0883.5 
1485.0  1326.0  -0883.8 
1484.0  1326.0  -0883.9 
1478.0  1323.0  -0884.4 
1480.0  1324.0  -0884.7 
1466.0  1326.0  -0883.0 
1469.0  1322.0  -0882.9 
1472.0  1326.0  -0881.8 
1485.0  1322.0  -0883.4 
1485.0  1325.0  -0883.9 
1476.0  1325.0  -0883.6 
1480.0  1326.0  -0883.3 
1466.0  1327.0  -0881.2 
1483.0  1323.0  -0882.3 
1479.0  1326.0  -0881.9 
1469.0  1320.0  -0882.5 
1479.0  1327.0  -0881.8 
1467.0  1325.0  -0880.5 
1478.0  1324.0  -0880.7 
1480.0  1328.0  -0879.8 
1479.0  1321.0  -0881.1 
1471.0  1326.0  -0880.0 
1484.0  1322.0  -0881.4 
1479.0  1323.0  -0882.1 
1478.0  1327.0  -0881.3 
1480.0  1322.0  -0882.3 
1473.0  1324.0  -0882.0 
1484.0  1323.0  -0883.1 
1479.0  1325.0  -0883.1 
1480.0  1327.0  -0882.5 
1480.0  1325.0  -0882.5 
1471.0  1325.0  -0881.7 
1471.0  1322.0  -0881.8 
1471.0  1325.0  -0880.9 
1471.0  1326.0  -0879.8 
1481.0  1321.0  -0881.3 
1473.0  1327.0  -0880.0 
1472.0  1323.0  -0879.9 
1487.0  1323.0  -0881.4 
1488.0  1322.0  -0883.2 
1485.0  1326.0  -0883.5 
1471.0  1327.0  -0882.0 
1474.0  1320.0  -0883.0 
1480.0  1324.0  -0883.4 
1489.0  1322.0  -0885.4 
1478.0  1330.0  -0883.5 
1464.0  1326.0  -0881.6 
1479.0  1325.0  -0881.6 
1468.0  1327.0  -0879.8 
1479.0  1323.0  -0880.4 
1482.0  1328.0  -0879.7 
1484.0  1323.0  -0880.9 
1475.0  1325.0  -0880.5 
1472.0  1325.0  -0879.7 
1491.0  1326.0  -0880.6 
1483.0  1326.0  -0880.7 
1483.0  1323.0  -0881.7 
1478.0  1325.0  -0881.6 
1485.0  1322.0  -0883.2 
1480.0  1326.0  -0882.9 
1471.0  1324.0  -0882.3 
1473.0  1323.0  -0882.3 
1480.0  1326.0  -0882.1 
1478.0  1322.0  -0882.9 
1476.0  1323.0  -0883.2 
1476.0  1326.0  -0882.5 
1477.0  1323.0  -0882.9 
1469.0  1326.0  -0881.5 
1470.0  1322.0  -0881.6 
1473.0  1325.0  -0880.9 
1468.0  1322.0  -0880.7 
1472.0  1325.0  -0880.0 
1476.0  1326.0  -0879.4 
1482.0  1322.0  -0880.6 
1473.0  1325.0  -0880.0 
1481.0  1324.0  -0880.5 
1475.0  1326.0  -0879.8 
1475.0  1326.0  -0879.0 
1468.0  1322.0  -0878.9 
1472.0  1326.0  -0877.8 
1482.0  1322.0  -0879.1 
1493.0  1327.0  -0879.9 
1466.0  1323.0  -0879.2 
1480.0  1325.0  -0879.3 
1477.0  1325.0  -0879.1 
1475.0  1322.0  -0879.7 
1484.0  1325.0  -0880.2 
1467.0  1320.0  -0880.6 
1481.0  1324.0  -0881.1 
1477.0  1326.0  -0880.6 
1481.0  1324.0  -0881.1 
1464.0  1323.0  -0880.2 
1482.0  1322.0  -0881.4 
1464.0  1326.0  -0879.5 
1481.0  1323.0  -0880.4 
1485.0  1325.0  -0881.0 
1486.0  1326.0  -0881.4 
1483.0  1326.0  -0881.4 
1469.0  1326.0  -0880.0 
1480.0  1325.0  -0880.1 
1483.0  1324.0  -0880.9 
1467.0  1327.0  -0879.0 
1477.0  1323.0  -0879.4 
1474.0  1327.0  -0878.2 
1474.0  1323.0  -0878.4 
1474.0  1324.0  -0878.2 
1481.0  1324.0  -0878.8 
1481.0  1324.0  -0879.3 
1473.0  1328.0  -0877.7 
1475.0  1323.0  -0878.0 
1477.0  1326.0  -0877.4 
1478.0  1322.0  -0878.3 
1475.0  1324.0  -0878.3 
1476.0  1324.0  -0878.3 
1486.0  1321.0  -0880.3 
1470.0  1325.0  -0879.4 
1471.0  1322.0  -0879.6 
1474.0  1326.0  -0878.7 
1479.0  1321.0  -0880.0 
1486.0  1324.0  -0881.1 
1474.0  1327.0  -0879.9 
1489.0  1323.0  -0881.5 
1470.0  1325.0  -0880.6 
1470.0  1320.0  -0881.3 
1477.0  1326.0  -0880.7 
1480.0  1324.0  -0881.1 
1485.0  1326.0  -0881.4 
1478.0  1326.0  -0880.9 
1484.0  1324.0  -0881.8 
1483.0  1325.0  -0882.1 
1478.0  1327.0  -0881.3 
1469.0  1326.0  -0880.0 
1471.0  1326.0  -0878.8 
1481.0  1322.0  -0880.0 
1475.0  1326.0  -0879.2 
1483.0  1323.0  -0880.3 
1475.0  1325.0  -0879.9 
1473.0  1326.0  -0878.9 
1473.0  1322.0  -0879.3 
1477.0  1327.0  -0878.4 
1484.0  1322.0  -0879.9 
1475.0  1326.0  -0879.2 
1470.0  1325.0  -0878.3 
1474.0  1324.0  -0878.1 
1473.0  1325.0  -0877.5 
1478.0  1321.0  -0878.7 
1466.0  1328.0  -0876.4 
1482.0  1323.0  -0877.4 
1482.0  1326.0  -0877.4 
1488.0  1324.0  -0878.7 
1476.0  1323.0  -0879.0 
1472.0  1327.0  -0877.7 
1475.0  1323.0  -0877.9 
1483.0  1325.0  -0878.4 
1467.0  1321.0  -0878.4 
1478.0  1326.0  -0878.0 
1551.0  1326.0  -0885.2 
1486.0  1326.0  -0885.5 
1479.0  1325.0  -0885.4 
1478.0  1322.0  -0886.2 
1483.0  1325.0  -0886.5 
1473.0  1326.0  -0885.5 
1484.0  1324.0  -0886.3 
1468.0  1327.0  -0884.4 
1458.0  1322.0  -0883.1 
1482.0  1325.0  -0883.4 
1476.0  1323.0  -0883.7 
1475.0  1326.0  -0882.9 
1482.0  1326.0  -0882.8 
1480.0  1322.0  -0883.9 
1477.0  1327.0  -0882.9 
1475.0  1323.0  -0883.1 
1470.0  1325.0  -0882.2 
1469.0  1327.0  -0880.4 
1479.0  1324.0  -0880.7 
1480.0  1327.0  -0880.2 
1477.0  1320.0  -0881.6 
1470.0  1326.0  -0880.3 
1482.0  1323.0  -0881.3 
1480.0  1326.0  -0881.0 
1479.0  1326.0  -0880.7 
1476.0  1323.0  -0881.0 
1483.0  1325.0  -0881.4 
1481.0  1323.0  -0882.2 
1477.0  1324.0  -0882.3 
1481.0  1324.0  -0882.8 
1473.0  1325.0  -0882.1 
1470.0  1324.0  -0881.5 
1473.0  1324.0  -0881.2 
1482.0  1328.0  -0880.5 
1480.0  1322.0  -0881.5 
1480.0  1323.0  -0882.2 
1476.0  1325.0  -0881.9 
1489.0  1327.0  -0882.2 
1482.0  1325.0  -0882.5 
1475.0  1322.0  -0883.0 
1483.0  1326.0  -0883.1 
1477.0  1325.0  -0882.8 
1477.0  1323.0  -0883.2 
1470.0  1326.0  -0881.9 
1492.0  1323.0  -0883.9 
1484.0  1325.0  -0884.3 
1481.0  1324.0  -0884.8 
1480.0  1325.0  -0884.8 
1483.0  1327.0  -0884.5 
1479.0  1322.0  -0885.4 
1480.0  1325.0  -0885.4 
1478.0  1323.0  -0885.9 
1481.0  1325.0  -0886.0 
1476.0  1325.0  -0885.6 
1476.0  1326.0  -0884.9 
1473.0  1327.0  -0883.5 
1476.0  1322.0  -0884.2 
1482.0  1324.0  -0884.7 
1478.0  1322.0  -0885.5 
1481.0  1322.0  -0886.6 
1477.0  1326.0  -0886.0 
1469.0  1322.0  -0885.9 
1479.0  1325.0  -0885.8 
1473.0  1322.0  -0886.1 
1490.0  1325.0  -0887.1 
1478.0  1322.0  -0887.9 
1486.0  1325.0  -0888.5 
1479.0  1326.0  -0888.0 
1474.0  1322.0  -0888.4 
1478.0  1324.0  -0888.5 
1470.0  1327.0  -0886.8 
1473.0  1327.0  -0885.4 
1481.0  1327.0  -0884.9 
1478.0  1322.0  -0885.7 
1469.0  1326.0  -0884.2 
1477.0  1323.0  -0884.6 
1474.0  1325.0  -0884.0 
1482.0  1326.0  -0884.0 
1471.0  1322.0  -0884.1 
1472.0  1325.0  -0883.3 
1476.0  1322.0  -0883.9 
1472.0  1326.0  -0882.8 
1469.0  1324.0  -0882.0 
1480.0  1326.0  -0881.8 
1471.0  1325.0  -0880.9 
1466.0  1322.0  -0880.5 
1474.0  1327.0  -0879.4 
1478.0  1323.0  -0879.9 
1478.0  1325.0  -0879.8 
1474.0  1326.0  -0878.9 
1472.0  1321.0  -0879.5 
1476.0  1326.0  -0878.9 
1490.0  1322.0  -0881.0 
1475.0  1324.0  -0880.9 
1474.0  1322.0  -0881.4 
1475.0  1321.0  -0882.2 
1476.0  1325.0  -0881.9 
1489.0  1327.0  -0882.2 
1478.0  1325.0  -0882.1 
1472.0  1323.0  -0882.0 
1473.0  1323.0  -0882.0 
1467.0  1326.0  -0880.4 
1480.0  1322.0  -0881.4 
1487.0  1325.0  -0882.2 
1479.0  1321.0  -0883.5 
1483.0  1325.0  -0883.9 
1480.0  1321.0  -0885.2 
1478.0  1324.0  -0885.4 
1481.0  1325.0  -0885.5 
1479.0  1321.0  -0886.7 
1481.0  1326.0  -0886.5 
1485.0  1321.0  -0888.3 
1484.0  1326.0  -0888.4 
1478.0  1324.0  -0888.5 
1476.0  1322.0  -0889.0 
1475.0  1326.0  -0888.2 
1477.0  1322.0  -0888.8 
1481.0  1326.0  -0888.6 
1470.0  1322.0  -0888.5 
1480.0  1326.0  -0888.2 
1473.0  1326.0  -0887.1 
1482.0  1322.0  -0888.3 
1473.0  1326.0  -0887.2 
1480.0  1322.0  -0888.2 
1481.0  1325.0  -0888.3 
1474.0  1327.0  -0887.0 
1483.0  1328.0  -0886.3 
1483.0  1325.0  -0886.6 
1477.0  1324.0  -0886.7 
1469.0  1327.0  -0884.9 
1478.0  1322.0  -0885.7 
1477.0  1324.0  -0885.7 
1478.0  1325.0  -0885.5 
1476.0  1321.0  -0886.5 
1482.0  1325.0  -0886.7 
1483.0  1321.0  -0888.3 
1467.0  1323.0  -0887.6 
1482.0  1325.0  -0887.8 
1481.0  1324.0  -0888.2 
1487.0  1327.0  -0888.3 
1485.0  1323.0  -0889.4 
1482.0  1327.0  -0888.9 
1484.0  1322.0  -0890.3 
1480.0  1326.0  -0889.9 
1478.0  1326.0  -0889.3 
1477.0  1324.0  -0889.3 
1464.0  1326.0  -0887.3 
1487.0  1323.0  -0888.7 
1468.0  1327.0  -0886.8 
1475.0  1326.0  -0886.0 
1469.0  1325.0  -0884.8 
1473.0  1327.0  -0883.5 
1481.0  1322.0  -0884.6 
1469.0  1324.0  -0883.9 
1483.0  1321.0  -0885.5 
1483.0  1326.0  -0885.5 
1465.0  1326.0  -0883.7 
1478.0  1322.0  -0884.5 
1479.0  1324.0  -0884.7 
1478.0  1321.0  -0885.9 
1475.0  1325.0  -0885.4 
1474.0  1325.0  -0884.8 
1481.0  1320.0  -0886.6 
1476.0  1325.0  -0886.1 
1485.0  1322.0  -0887.7 
1482.0  1325.0  -0887.8 
1467.0  1325.0  -0886.5 
1476.0  1324.0  -0886.4 
1478.0  1325.0  -0886.2 
1467.0  1322.0  -0885.9 
1481.0  1326.0  -0885.7 
1486.0  1322.0  -0887.3 
1481.0  1326.0  -0887.1 
1483.0  1327.0  -0886.7 
1468.0  1323.0  -0886.1 
1468.0  1326.0  -0884.6 
1475.0  1323.0  -0884.8 
1479.0  1326.0  -0884.4 
1470.0  1323.0  -0884.0 
1473.0  1326.0  -0883.0 
1476.0  1325.0  -0882.7 
1470.0  1323.0  -0882.3 
1480.0  1325.0  -0882.4 
1465.0  1321.0  -0882.2 
1474.0  1325.0  -0881.7 
1476.0  1325.0  -0881.3 
1478.0  1324.0  -0881.5 
1478.0  1324.0  -0881.7 
1482.0  1322.0  -0883.0 
1485.0  1325.0  -0883.6 
1479.0  1321.0  -0884.8 
1484.0  1322.0  -0886.2 
1470.0  1327.0  -0884.6 
1478.0  1323.0  -0885.0 
1477.0  1326.0  -0884.4 
1471.0  1322.0  -0884.5 
1485.0  1324.0  -0885.4 
1479.0  1333.0  -0882.7 
1473.0  1398.0  -0858.1 
1456.0  1331.0  -0854.1 
1476.0  1392.0  -0832.2 
1490.0  1326.0  -0833.6 
1481.0  1399.0  -0810.2 
1485.0  1326.0  -0811.4 
1472.0  1325.0  -0811.6 
1487.0  1324.0  -0813.6 
1489.0  1324.0  -0815.8 
1475.0  1321.0  -0817.5 
1471.0  1328.0  -0816.6 
1479.0  1325.0  -0817.4 
1483.0  1321.0  -0819.9 
1475.0  1325.0  -0820.3 
1477.0  1323.0  -0821.5 
1470.0  1324.0  -0821.7 
1482.0  1322.0  -0823.7 
1470.0  1326.0  -0823.2 
1470.0  1326.0  -0822.7 
1488.0  1322.0  -0825.3 
1473.0  1327.0  -0824.8 
1476.0  1324.0  -0825.5 
1487.0  1326.0  -0826.7 
1469.0  1325.0  -0826.4 
1483.0  1325.0  -0827.5 
1469.0  1326.0  -0826.8 
1474.0  1323.0  -0827.6 
1480.0  1326.0  -0828.1 
1480.0  1323.0  -0829.5 
1473.0  1324.0  -0829.9 
1471.0  1326.0  -0829.4 
1488.0  1325.0  -0831.0 
1462.0  1326.0  -0829.5 
1468.0  1323.0  -0829.7 
1481.0  1326.0  -0830.2 
1476.0  1324.0  -0830.9 
1481.0  1323.0  -0832.4 
1473.0  1326.0  -0832.1 
1490.0  1322.0  -0834.8 
1476.0  1324.0  -0835.4 
1486.0  1325.0  -0836.7 
1487.0  1326.0  -0837.7 
1473.0  1325.0  -0837.7 
1481.0  1322.0  -0839.4 
1480.0  1326.0  -0839.7 
1484.0  1321.0  -0842.0 
1488.0  1326.0  -0843.1 
1475.0  1328.0  -0842.2 
1474.0  1326.0  -0841.9 
1474.0  1326.0  -0841.5 
1481.0  1322.0  -0843.2 
1465.0  1325.0  -0842.2 
1471.0  1323.0  -0842.5 
1485.0  1322.0  -0844.6 
1481.0  1326.0  -0845.0 
1478.0  1322.0  -0846.3 
1479.0  1326.0  -0846.4 
1466.0  1322.0  -0846.5 
1472.0  1325.0  -0846.2 
1534.0  1326.0  -0852.0 
1482.0  1322.0  -0853.6 
1530.0  1325.0  -0859.3 
1475.0  1322.0  -0860.1 
1476.0  1326.0  -0859.7 
1467.0  1325.0  -0858.7 
1473.0  1322.0  -0859.4 
1474.0  1323.0  -0859.8 
1474.0  1322.0  -0860.5 
1472.0  1325.0  -0860.0 
1476.0  1322.0  -0860.9 
1482.0  1325.0  -0861.5 
1473.0  1326.0  -0860.8 
1483.0  1323.0  -0862.1 
1474.0  1325.0  -0861.8 
1478.0  1324.0  -0862.3 
1481.0  1325.0  -0862.7 
1469.0  1323.0  -0862.5 
1486.0  1325.0  -0863.5 
1485.0  1326.0  -0864.0 
1483.0  1322.0  -0865.6 
1476.0  1326.0  -0865.1 
1471.0  1323.0  -0865.1 
1489.0  1324.0  -0866.7 
1470.0  1325.0  -0865.9 
1474.0  1325.0  -0865.6 
1478.0  1325.0  -0865.6 
1471.0  1322.0  -0866.0 
1481.0  1326.0  -0866.0 
1485.0  1322.0  -0867.8 
1483.0  1325.0  -0868.4 
1481.0  1326.0  -0868.4 
1481.0  1326.0  -0868.4 
1478.0  1326.0  -0868.1 
1484.0  1322.0  -0869.7 
1469.0  1327.0  -0868.2 
1481.0  1325.0  -0868.5 
1469.0  1324.0  -0868.0 
1481.0  1327.0  -0867.7 
1488.0  1323.0  -0869.4 
1478.0  1325.0  -0869.4 
1476.0  1323.0  -0869.9 
1482.0  1326.0  -0870.0 
1486.0  1326.0  -0870.5 
1470.0  1323.0  -0870.4 
1479.0  1325.0  -0870.5 
1494.0  1324.0  -0872.5 
1457.0  1326.0  -0870.0 
1463.0  1325.0  -0868.5 
1488.0  1321.0  -0870.8 
1479.0  1327.0  -0870.3 
1476.0  1321.0  -0871.4 
1472.0  1325.0  -0870.8 
1485.0  1322.0  -0872.5 
1481.0  1325.0  -0872.8 
1478.0  1325.0  -0872.8 
1474.0  1320.0  -0874.0 
1462.0  1326.0  -0872.0 
1473.0  1322.0  -0872.4 
1483.0  1325.0  -0872.9 
1483.0  1323.0  -0874.1 
1484.0  1323.0  -0875.3 
1472.0  1326.0  -0874.3 
1477.0  1324.0  -0874.5 
1473.0  1328.0  -0873.0 
1484.0  1323.0  -0874.2 
1479.0  1324.0  -0874.6 
1475.0  1326.0  -0873.9 
1485.0  1325.0  -0874.6 
1487.0  1326.0  -0875.2 
1466.0  1323.0  -0874.6 
1478.0  1325.0  -0874.5 
1471.0  1327.0  -0873.1 
1483.0  1323.0  -0874.2 
1478.0  1326.0  -0873.9 
1481.0  1323.0  -0874.8 
1481.0  1325.0  -0875.1 
1475.0  1326.0  -0874.4 
1485.0  1325.0  -0875.1 
1474.0  1325.0  -0874.6 
1471.0  1321.0  -0875.1 
1482.0  1323.0  -0876.2 
1479.0  1321.0  -0877.5 
1483.0  1325.0  -0877.9 
1470.0  1326.0  -0876.7 
1474.0  1324.0  -0876.6 
1481.0  1326.0  -0876.5 
1469.0  1320.0  -0877.1 
1478.0  1326.0  -0876.7 
1480.0  1323.0  -0877.5 
1483.0  1326.0  -0877.6 
1481.0  1326.0  -0877.5 
1481.0  1323.0  -0878.4 
1477.0  1326.0  -0877.9 
1480.0  1323.0  -0878.6 
1483.0  1327.0  -0878.4 
1482.0  1323.0  -0879.4 
1478.0  1322.0  -0880.2 
1467.0  1325.0  -0879.0 
1478.0  1324.0  -0879.2 
1482.0  1325.0  -0879.5 
1453.0  1326.0  -0876.5 
1481.0  1321.0  -0878.1 
1473.0  1325.0  -0877.5 
1467.0  1321.0  -0877.6 
1482.0  1325.0  -0877.9 
1472.0  1322.0  -0878.2 
1473.0  1325.0  -0877.6 
1485.0  1325.0  -0878.2 
1459.0  1321.0  -0877.5 
1477.0  1326.0  -0877.0 
1483.0  1322.0  -0878.4 
1469.0  1325.0  -0877.4 
1478.0  1321.0  -0878.6 
1468.0  1324.0  -0877.8 
1471.0  1327.0  -0876.4 
1485.0  1323.0  -0877.7 
1471.0  1327.0  -0876.2 
1472.0  1322.0  -0876.5 
1481.0  1325.0  -0876.8 
1477.0  1326.0  -0876.3 
1475.0  1324.0  -0876.2 
1471.0  1324.0  -0875.8 
1478.0  1324.0  -0876.0 
1476.0  1324.0  -0876.1 
1487.0  1322.0  -0877.9 
1474.0  1328.0  -0876.5 
1474.0  1327.0  -0875.3 
1478.0  1326.0  -0875.0 
1484.0  1325.0  -0875.5 
1476.0  1322.0  -0876.2 
1476.0  1326.0  -0875.6 
1478.0  1320.0  -0877.2 
1483.0  1322.0  -0878.6 
1473.0  1324.0  -0878.4 
1475.0  1320.0  -0879.6 
1479.0  1326.0  -0879.3 
1473.0  1324.0  -0879.0 
1484.0  1326.0  -0879.2 
1475.0  1326.0  -0878.4 
1481.0  1320.0  -0880.3 
1483.0  1326.0  -0880.3 
1468.0  1322.0  -0880.2 
1477.0  1327.0  -0879.3 
1474.0  1325.0  -0878.8 
1473.0  1323.0  -0878.8 
1477.0  1327.0  -0878.0 
1473.0  1322.0  -0878.4 
1477.0  1326.0  -0877.8 
1473.0  1322.0  -0878.2 
1464.0  1326.0  -0876.4 
1479.0  1324.0  -0876.7 
1474.0  1323.0  -0876.9 
1481.0  1326.0  -0876.8 
1469.0  1322.0  -0876.8 
1478.0  1325.0  -0876.7 
1468.0  1327.0  -0875.0 
1478.0  1320.0  -0876.6 
1471.0  1326.0  -0875.5 
1487.0  1322.0  -0877.3 
1478.0  1325.0  -0877.2 
1476.0  1322.0  -0877.9 
1480.0  1322.0  -0879.0 
1481.0  1324.0  -0879.6 
1480.0  1325.0  -0879.7 
1471.0  1327.0  -0878.2 
1484.0  1322.0  -0879.7 
1483.0  1324.0  -0880.4 
1483.0  1326.0  -0880.5 
1480.0  1322.0  -0881.6 
1471.0  1327.0  -0880.0 
1483.0  1323.0  -0881.1 
1481.0  1326.0  -0881.0 
1482.0  1326.0  -0880.9 
1484.0  1327.0  -0880.7 
1469.0  1326.0  -0879.4 
1478.0  1323.0  -0879.9 
1476.0  1325.0  -0879.6 
1473.0  1321.0  -0880.3 
1467.0  1326.0  -0878.7 
1477.0  1326.0  -0878.2 
1473.0  1325.0  -0877.6 
1484.0  1326.0  -0877.8 
1471.0  1323.0  -0877.6 
1477.0  1326.0  -0877.1 
1484.0  1322.0  -0878.7 
1482.0  1327.0  -0878.3 
1470.0  1327.0  -0876.7 
1484.0  1320.0  -0878.9 
1470.0  1326.0  -0877.7 
1463.0  1323.0  -0876.7 
1474.0  1326.0  -0875.9 
1478.0  1324.0  -0876.2 
1475.0  1320.0  -0877.4 
1476.0  1325.0  -0877.2 
1485.0  1323.0  -0878.5 
1483.0  1327.0  -0878.2 
1474.0  1324.0  -0878.0 
1471.0  1377.0  -0860.2 
1481.0  1325.0  -0860.7 
1488.0  1380.0  -0843.8 
1486.0  1324.0  -0845.4 
1476.0  1381.0  -0827.2 
1479.0  1326.0  -0827.5 
1469.0  1325.0  -0827.2 
1474.0  1324.0  -0827.7 
1471.0  1324.0  -0827.9 
1471.0  1322.0  -0828.7 
1480.0  1325.0  -0829.5 
1479.0  1327.0  -0829.5 
1478.0  1325.0  -0830.0 
1478.0  1326.0  -0830.2 
1474.0  1324.0  -0830.7 
1485.0  1326.0  -0831.6 
1477.0  1323.0  -0832.7 
1481.0  1325.0  -0833.5 
1470.0  1327.0  -0832.5 
1469.0  1323.0  -0832.8 
1473.0  1328.0  -0831.8 
1486.0  1323.0  -0833.8 
1479.0  1324.0  -0834.7 
1478.0  1323.0  -0835.8 
1481.0  1327.0  -0836.0 
1462.0  1325.0  -0834.8 
1478.0  1320.0  -0836.9 
1479.0  1325.0  -0837.5 
1476.0  1323.0  -0838.3 
1481.0  1325.0  -0839.1 
1480.0  1324.0  -0840.0 
1481.0  1322.0  -0841.7 
1472.0  1325.0  -0841.5 
1476.0  1321.0  -0843.0 
1487.0  1325.0  -0844.3 
1477.0  1327.0  -0843.9 
1481.0  1325.0  -0844.6 
1468.0  1325.0  -0843.9 
1481.0  1324.0  -0844.9 
1476.0  1328.0  -0844.1 
1470.0  1323.0  -0844.3 
1474.0  1326.0  -0843.9 
1475.0  1328.0  -0843.0 
1477.0  1323.0  -0843.9 
1480.0  1326.0  -0844.1 
1472.0  1324.0  -0844.2 
1472.0  1326.0  -0843.6 
1475.0  1325.0  -0843.7 
1466.0  1325.0  -0842.8 
1474.0  1325.0  -0842.8 
1478.0  1324.0  -0843.5 
1477.0  1325.0  -0843.7 
1481.0  1322.0  -0845.4 
1480.0  1324.0  -0846.3 
1483.0  1325.0  -0847.1 
1486.0  1325.0  -0848.2 
1468.0  1324.0  -0847.8 
1466.0  1321.0  -0848.2 
1488.0  1325.0  -0849.6 
1480.0  1321.0  -0851.4 
1480.0  1322.0  -0852.8 
1477.0  1326.0  -0852.6 
1478.0  1321.0  -0854.2 
1476.0  1324.0  -0854.5 
1473.0  1322.0  -0855.2 
1480.0  1323.0  -0856.3 
1477.0  1327.0  -0855.7 
1481.0  1323.0  -0856.9 
1474.0  1326.0  -0856.4 
1493.0  1323.0  -0858.7 
1482.0  1324.0  -0859.7 
1479.0  1327.0  -0859.3 
1471.0  1326.0  -0858.4 
1477.0  1329.0  -0857.1 
1480.0  1322.0  -0858.5 
1488.0  1325.0  -0859.7 
1474.0  1323.0  -0860.1 
1471.0  1326.0  -0859.2 
1478.0  1326.0  -0859.0 
1483.0  1321.0  -0861.0 
1473.0  1325.0  -0860.6 
1460.0  1321.0  -0860.2 
1477.0  1327.0  -0859.6 
1466.0  1325.0  -0858.6 
1473.0  1325.0  -0858.2 
1479.0  1325.0  -0858.5 
1476.0  1324.0  -0858.8 
1461.0  1327.0  -0856.5 
1468.0  1322.0  -0856.7 
1478.0  1326.0  -0856.6 
1469.0  1322.0  -0856.8 
1483.0  1324.0  -0857.9 
1482.0  1326.0  -0858.1 
1474.0  1323.0  -0858.5 
1482.0  1326.0  -0858.8 
1468.0  1328.0  -0856.9 
1473.0  1326.0  -0856.3 
1458.0  1326.0  -0854.1 
1480.0  1323.0  -0855.2 
1484.0  1326.0  -0855.7 
1475.0  1322.0  -0856.6 
1473.0  1327.0  -0855.6 
1478.0  1326.0  -0855.5 
1487.0  1322.0  -0857.6 
1471.0  1325.0  -0857.1 
1485.0  1323.0  -0858.6 
1467.0  1325.0  -0857.7 
1490.0  1322.0  -0860.1 
1478.0  1325.0  -0860.2 
1478.0  1325.0  -0860.4 
1470.0  1321.0  -0861.0 
1476.0  1325.0  -0860.9 
1468.0  1320.0  -0861.7 
1481.0  1325.0  -0862.1 
1483.0  1325.0  -0862.7 
1482.0  1323.0  -0863.9 
1471.0  1325.0  -0863.3 
1477.0  1322.0  -0864.3 
1481.0  1327.0  -0864.0 
1470.0  1322.0  -0864.3 
1477.0  1327.0  -0863.6 
1478.0  1326.0  -0863.4 
1477.0  1326.0  -0863.1 
1469.0  1326.0  -0861.9 
1470.0  1323.0  -0861.9 
1483.0  1326.0  -0862.2 
1477.0  1327.0  -0861.6 
1464.0  1321.0  -0861.6 
1468.0  1325.0  -0860.7 
1477.0  1324.0  -0861.0 
1481.0  1326.0  -0861.2 
1475.0  1323.0  -0861.6 
1479.0  1324.0  -0862.2 
1487.0  1324.0  -0863.6 
1472.0  1321.0  -0864.4 
1479.0  1326.0  -0864.2 
1481.0  1321.0  -0865.9 
1476.0  1325.0  -0865.8 
1477.0  1325.0  -0865.8 
1484.0  1323.0  -0867.1 
1485.0  1326.0  -0867.6 
1474.0  1323.0  -0867.9 
1464.0  1326.0  -0866.1 
1471.0  1322.0  -0866.5 
1476.0  1327.0  -0865.7 
1469.0  1326.0  -0864.5 
1479.0  1323.0  -0865.4 
1470.0  1327.0  -0864.0 
1485.0  1323.0  -0865.4 
1486.0  1326.0  -0866.0 
1492.0  1326.0  -0867.2 
1471.0  1322.0  -0867.5 
1469.0  1325.0  -0866.6 
1484.0  1324.0  -0867.6 
1474.0  1324.0  -0867.6 
1478.0  1322.0  -0868.6 
1476.0  1323.0  -0869.1 
1467.0  1327.0  -0867.4 
1478.0  1322.0  -0868.4 
1478.0  1322.0  -0869.4 
1480.0  1321.0  -0871.0 
1477.0  1326.0  -0870.5 
1471.0  1325.0  -0869.8 
1478.0  1323.0  -0870.5 
1470.0  1325.0  -0869.7 
1482.0  1322.0  -0871.1 
1486.0  1325.0  -0871.9 
1478.0  1325.0  -0871.9 
1474.0  1326.0  -0871.2 
1474.0  1326.0  -0870.4 
1487.0  1323.0  -0872.0 
1485.0  1325.0  -0872.7 
1483.0  1323.0  -0873.9 
1479.0  1326.0  -0873.6 
1477.0  1327.0  -0872.8 
1475.0  1326.0  -0872.2 
1493.0  1325.0  -0873.7 
1483.0  1323.0  -0874.9 
1478.0  1325.0  -0874.8 
1477.0  1322.0  -0875.6 
1483.0  1325.0  -0876.1 
1477.0  1325.0  -0875.9 
1482.0  1321.0  -0877.6 
1480.0  1324.0  -0878.0 
1480.0  1324.0  -0878.5 
1477.0  1325.0  -0878.3 
1475.0  1325.0  -0877.9 
1472.0  1323.0  -0877.8 
1478.0  1327.0  -0877.1 
1477.0  1322.0  -0877.9 
1485.0  1325.0  -0878.5 
1477.0  1326.0  -0878.0 
1492.0  1326.0  -0879.0 
1475.0  1323.0  -0879.3 
1482.0  1322.0  -0880.6 
1480.0  1325.0  -0880.7 
1482.0  1323.0  -0881.6 
1491.0  1325.0  -0882.8 
1487.0  1324.0  -0883.9 
1480.0  1323.0  -0884.6 
1480.0  1325.0  -0884.6 
1485.0  1323.0  -0885.8 
1486.0  1325.0  -0886.5 
1475.0  1321.0  -0887.3 
1481.0  1324.0  -0887.7 
1478.0  1325.0  -0887.5 
1463.0  1321.0  -0887.0 
1478.0  1324.0  -0887.2 
1474.0  1322.0  -0887.5 
1472.0  1325.0  -0886.7 
1482.0  1326.0  -0886.6 
1486.0  1322.0  -0888.2 
1477.0  1325.0  -0887.9 
1486.0  1322.0  -0889.4 
1483.0  1327.0  -0889.1 
1487.0  1324.0  -0890.1 
1485.0  1326.0  -0890.2 
1478.0  1327.0  -0889.3 
1476.0  1322.0  -0889.9 
1474.0  1326.0  -0888.9 
1472.0  1323.0  -0888.7 
1475.0  1327.0  -0887.5 
1482.0  1326.0  -0887.4 
1474.0  1322.0  -0887.7 
1480.0  1324.0  -0888.0 
1480.0  1323.0  -0888.7 
1477.0  1325.0  -0888.4 
1470.0  1327.0  -0886.7 
1476.0  1325.0  -0886.3 
1475.0  1325.0  -0885.7 
1473.0  1321.0  -0886.4 
1475.0  1324.0  -0886.2 
1476.0  1323.0  -0886.4 
1491.0  1323.0  -0888.2 
1471.0  1325.0  -0887.3 
1480.0  1323.0  -0887.9 
1474.0  1325.0  -0887.3 
1489.0  1323.0  -0888.9 
1480.0  1324.0  -0889.2 
1479.0  1322.0  -0890.0 
1489.0  1325.0  -0890.9 
1474.0  1327.0  -0889.6 
1487.0  1323.0  -0890.9 
1481.0  1326.0  -0890.7 
1481.0  1323.0  -0891.4 
1482.0  1326.0  -0891.2 
1477.0  1326.0  -0890.5 
1479.0  1324.0  -0890.7 
1468.0  1326.0  -0889.1 
1482.0  1324.0  -0889.6 
1479.0  1324.0  -0889.8 
1476.0  1322.0  -0890.3 
1470.0  1323.0  -0889.9 
1474.0  1326.0  -0888.9 
1485.0  1323.0  -0890.0 
1473.0  1323.0  -0889.9 
1482.0  1321.0  -0891.4 
1482.0  1324.0  -0891.9 
1481.0  1326.0  -0891.6 
1473.0  1321.0  -0892.1 
1483.0  1324.0  -0892.7 
1486.0  1321.0  -0894.5 
1472.0  1326.0  -0893.3 
1472.0  1327.0  -0891.7 
1481.0  1325.0  -0891.8 
1471.0  1326.0  -0890.5 
1474.0  1321.0  -0891.1 
1485.0  1327.0  -0890.9 
1484.0  1324.0  -0891.6 
1492.0  1325.0  -0892.8 
1478.0  1326.0  -0892.2 
1491.0  1325.0  -0893.2 
1474.0  1328.0  -0891.5 
1473.0  1323.0  -0891.4 
1478.0  1325.0  -0891.2 
1478.0  1322.0  -0891.9 
1479.0  1326.0  -0891.4 
1468.0  1325.0  -0890.1 
1481.0  1324.0  -0890.5 
1480.0  1327.0  -0889.8 
1474.0  1322.0  -0890.1 
1488.0  1325.0  -0890.9 
1477.0  1326.0  -0890.2 
1477.0  1325.0  -0889.9 
1467.0  1325.0  -0888.5 
1482.0  1322.0  -0889.7 
1487.0  1324.0  -0890.7 
1480.0  1325.0  -0890.6 
1478.0  1325.0  -0890.4 
1486.0  1327.0  -0890.3 
1480.0  1324.0  -0890.6 
1483.0  1326.0  -0890.5 
1486.0  1322.0  -0892.0 
1488.0  1325.0  -0892.8 
1489.0  1328.0  -0892.7 
1469.0  1323.0  -0892.1 
1470.0  1326.0  -0890.7 
1487.0  1322.0  -0892.4 
1480.0  1325.0  -0892.3 
1472.0  1324.0  -0891.7 
1476.0  1325.0  -0891.2 
1478.0  1326.0  -0890.7 
1480.0  1325.0  -0890.6 
1468.0  1325.0  -0889.3 
1476.0  1326.0  -0888.6 
1487.0  1326.0  -0888.9 
1457.0  1326.0  -0886.2 
1470.0  1323.0  -0885.9 
1471.0  1323.0  -0885.6 
1483.0  1322.0  -0886.9 
1487.0  1324.0  -0888.0 
1477.0  1322.0  -0888.6 
1482.0  1324.0  -0889.1 
1471.0  1325.0  -0888.2 
1477.0  1324.0  -0888.2 
1477.0  1326.0  -0887.5 
1483.0  1323.0  -0888.5 
1481.0  1326.0  -0888.2 
1479.0  1325.0  -0888.1 
1475.0  1323.0  -0888.2 
1466.0  1329.0  -0885.5 
1475.0  1321.0  -0886.3 
1472.0  1326.0  -0885.2 
1480.0  1323.0  -0885.8 
1485.0  1325.0  -0886.4 
1482.0  1326.0  -0886.3 
1480.0  1323.0  -0886.9 
1479.0  1324.0  -0887.1 
1476.0  1323.0  -0887.4 
1480.0  1325.0  -0887.4 
1467.0  1325.0  -0886.0 
1482.0  1323.0  -0886.9 
1472.0  1325.0  -0886.1 
1490.0  1322.0  -0888.1 
1485.0  1325.0  -0888.6 
1481.0  1322.0  -0889.7 
1483.0  1326.0  -0889.6 
1469.0  1326.0  -0888.1 
1479.0  1322.0  -0889.0 
1480.0  1326.0  -0888.6 
1470.0  1322.0  -0888.6 
1483.0  1326.0  -0888.5 
1472.0  1324.0  -0888.0 
1480.0  1324.0  -0888.3 
1479.0  1326.0  -0887.9 
1481.0  1320.0  -0889.6 
1483.0  1327.0  -0889.2 
1483.0  1324.0  -0889.8 
1467.0  1325.0  -0888.5 
1476.0  1326.0  -0887.7 
1474.0  1323.0  -0887.7 
1472.0  1325.0  -0886.9 
1477.0  1321.0  -0887.9 
1481.0  1325.0  -0888.0 
1487.0  1326.0  -0888.4 
1483.0  1322.0  -0889.6 
1485.0  1323.0  -0890.8 
1482.0  1322.0  -0891.9 
1477.0  1325.0  -0891.5 
1475.0  1326.0  -0890.6 
1475.0  1325.0  -0890.1 
1472.0  1325.0  -0889.2 
1471.0  1322.0  -0889.2 
1469.0  1326.0  -0887.8 
1477.0  1323.0  -0888.1 
1475.0  1326.0  -0887.2 
1475.0  1327.0  -0886.1 
1486.0  1324.0  -0887.0 
1480.0  1326.0  -0886.7 
1482.0  1322.0  -0887.9 
1482.0  1325.0  -0888.1 
1478.0  1322.0  -0888.8 
1480.0  1324.0  -0889.1 
1484.0  1328.0  -0888.5 
1473.0  1322.0  -0888.8 
1475.0  1327.0  -0887.6 
1469.0  1322.0  -0887.4 
1473.0  1325.0  -0886.7 
1472.0  1324.0  -0886.2 
1480.0  1325.0  -0886.2 
1469.0  1325.0  -0885.1 
1478.0  1321.0  -0886.2 
1476.0  1324.0  -0886.2 
1476.0  1320.0  -0887.4 
1475.0  1325.0  -0886.9 
1473.0  1326.0  -0885.8 
1471.0  1326.0  -0884.6 
1472.0  1325.0  -0883.8 
1484.0  1322.0  -0885.3 
1480.0  1324.0  -0885.6 
1477.0  1327.0  -0884.7 
1481.0  1323.0  -0885.4 
1483.0  1327.0  -0885.1 
1480.0  1322.0  -0886.1 
1477.0  1326.0  -0885.5 
1473.0  1325.0  -0884.8 
1482.0  1326.0  -0884.7 
1480.0  1326.0  -0884.4 
1472.0  1323.0  -0884.3 
1478.0  1326.0  -0883.8 
1475.0  1324.0  -0883.6 
1476.0  1325.0  -0883.3 
1471.0  1325.0  -0882.4 
1489.0  1322.0  -0884.4 
1474.0  1325.0  -0883.8 
1478.0  1321.0  -0884.9 
1476.0  1325.0  -0884.5 
1482.0  1322.0  -0885.8 
1480.0  1327.0  -0885.1 
1476.0  1324.0  -0885.1 
1477.0  1323.0  -0885.4 
1473.0  1326.0  -0884.4 
1485.0  1322.0  -0885.9 
1474.0  1324.0  -0885.7 
1473.0  1326.0  -0884.6 
1471.0  1323.0  -0884.4 
1474.0  1326.0  -0883.5 
1481.0  1324.0  -0884.0 
1482.0  1325.0  -0884.2 
1483.0  1323.0  -0885.2 
1473.0  1325.0  -0884.5 
1474.0  1327.0  -0883.3 
1473.0  1322.0  -0883.6 
1472.0  1326.0  -0882.5 
1471.0  1321.0  -0882.9 
1481.0  1326.0  -0882.8 
1464.0  1326.0  -0880.8 
1473.0  1323.0  -0880.9 
1482.0  1326.0  -0880.8 
1476.0  1321.0  -0881.8 
1479.0  1324.0  -0882.1 
1486.0  1323.0  -0883.4 
1468.0  1324.0  -0882.6 
1473.0  1324.0  -0882.2 
1468.0  1322.0  -0882.0 
1480.0  1325.0  -0882.1 
1469.0  1321.0  -0882.4 
1491.0  1326.0  -0883.2 
1476.0  1326.0  -0882.5 
1479.0  1321.0  -0883.8 
1471.0  1323.0  -0883.6 
1477.0  1323.0  -0884.0 
1479.0  1326.0  -0883.6 
1479.0  1322.0  -0884.5 
1483.0  1326.0  -0884.5 
1468.0  1326.0  -0883.0 
1480.0  1326.0  -0882.7 
1487.0  1331.0  -0881.5 
1476.0  1324.0  -0881.5 
1474.0  1325.0  -0881.0 
1480.0  1325.0  -0881.0 
1482.0  1321.0  -0882.6 
1473.0  1325.0  -0882.0 
1483.0  1324.0  -0882.7 
1477.0  1326.0  -0882.1 
1476.0  1325.0  -0881.7 
1479.0  1326.0  -0881.4 
1483.0  1326.0  -0881.4 
1474.0  1323.0  -0881.5 
1476.0  1326.0  -0880.9 
1479.0  1323.0  -0881.5 
1468.0  1326.0  -0880.0 
1474.0  1326.0  -0879.2 
1473.0  1326.0  -0878.2 
1471.0  1324.0  -0877.8 
1476.0  1324.0  -0877.8 
1488.0  1321.0  -0880.0 
1475.0  1321.0  -0880.9 
1481.0  1325.0  -0881.1 
1486.0  1326.0  -0881.5 
1476.0  1322.0  -0882.1 
1479.0  1324.0  -0882.4 
1493.0  1323.0  -0884.5 
1471.0  1328.0  -0882.6 
1464.0  1329.0  -0879.7 
1460.0  1326.0  -0877.4 
1487.0  1324.0  -0878.6 
1470.0  1322.0  -0878.7 
1468.0  1324.0  -0877.9 
1485.0  1324.0  -0878.8 
1485.0  1327.0  -0878.8 
1458.0  1328.0  -0875.7 
1465.0  1321.0  -0875.6 
1495.0  1323.0  -0877.9 
1491.0  1323.0  -0879.8 
1482.0  1327.0  -0879.5 
1477.0  1327.0  -0878.6 
1482.0  1322.0  -0879.9 
1480.0  1325.0  -0880.0 
1463.0  1324.0  -0878.7 
1495.0  1325.0  -0880.3 
1490.0  1322.0  -0882.4 
1482.0  1326.0  -0882.4 
1471.0  1326.0  -0881.2 
1480.0  1321.0  -0882.6 
1471.0  1326.0  -0881.4 
1483.0  1323.0  -0882.4 
1479.0  1324.0  -0882.7 
1473.0  1326.0  -0881.7 
1482.0  1323.0  -0882.6 
1477.0  1329.0  -0881.1 
1479.0  1322.0  -0882.0 
1492.0  1323.0  -0884.0 
1468.0  1323.0  -0883.4 
1460.0  1324.0  -0881.8 
1472.0  1323.0  -0881.7 
1471.0  1322.0  -0881.8 
1474.0  1325.0  -0881.2 
1468.0  1322.0  -0881.1 
1479.0  1324.0  -0881.4 
1484.0  1324.0  -0882.2 
1475.0  1324.0  -0882.1 
1477.0  1327.0  -0881.2 
1481.0  1322.0  -0882.3 
1474.0  1326.0  -0881.4 
1480.0  1322.0  -0882.5 
1470.0  1325.0  -0881.5 
1480.0  1326.0  -0881.3 
1486.0  1322.0  -0883.0 
1480.0  1324.0  -0883.3 
1481.0  1321.0  -0884.8 
1480.0  1325.0  -0884.8 
1482.0  1327.0  -0884.4 
1478.0  1321.0  -0885.5 
1475.0  1326.0  -0884.7 
1476.0  1322.0  -0885.3 
1494.0  1325.0  -0886.8 
1473.0  1324.0  -0886.4 
1483.0  1325.0  -0886.7 
1474.0  1326.0  -0885.8 
1480.0  1321.0  -0887.1 
1471.0  1324.0  -0886.5 
1474.0  1322.0  -0886.9 
1479.0  1326.0  -0886.4 
1485.0  1325.0  -0887.0 
1483.0  1326.0  -0886.9 
1472.0  1325.0  -0886.1 
1484.0  1322.0  -0887.5 
1485.0  1326.0  -0887.7 
1469.0  1323.0  -0887.2 
1485.0  1327.0  -0887.1 
1476.0  1326.0  -0886.3 
1475.0  1322.0  -0886.8 
1464.0  1326.0  -0884.8 
1471.0  1324.0  -0884.3 
1485.0  1325.0  -0884.8 
1484.0  1325.0  -0885.3 
1476.0  1322.0  -0885.9 
1472.0  1327.0  -0884.4 
1485.0  1320.0  -0886.6 
1478.0  1324.0  -0886.7 
1472.0  1325.0  -0885.9 
1478.0  1324.0  -0886.0 
1467.0  1325.0  -0884.7 
1477.0  1322.0  -0885.4 
1480.0  1325.0  -0885.4 
1482.0  1321.0  -0887.0 
1463.0  1324.0  -0885.5 
1478.0  1325.0  -0885.4 
1464.0  1324.0  -0884.1 
1478.0  1326.0  -0883.6 
1487.0  1322.0  -0885.3 
1478.0  1324.0  -0885.5 
1477.0  1322.0  -0886.2 
1480.0  1326.0  -0885.8 
1479.0  1327.0  -0885.1 
1484.0  1323.0  -0886.2 
1472.0  1326.0  -0885.0 
1490.0  1324.0  -0886.4 
1485.0  1326.0  -0886.6 
1480.0  1327.0  -0886.0 
1486.0  1326.0  -0886.3 
1480.0  1326.0  -0886.0 
1484.0  1321.0  -0887.7 
1486.0  1327.0  -0887.6 
1490.0  1324.0  -0889.0 
1480.0  1325.0  -0889.0 
1474.0  1326.0  -0888.0 
1486.0  1321.0  -0889.9 
1481.0  1325.0  -0890.0 
1472.0  1321.0  -0890.4 
1484.0  1324.0  -0891.1 
1471.0  1324.0  -0890.5 
1456.0  1324.0  -0888.3 
1488.0  1322.0  -0890.1 
1495.0  1320.0  -0893.2 
1462.0  1328.0  -0890.3 
1457.0  1328.0  -0886.9 
1494.0  1323.0  -0889.0 
1485.0  1324.0  -0889.8 
1454.0  1324.0  -0887.5 
1472.0  1325.0  -0886.6 
1485.0  1323.0  -0887.8 
1477.0  1326.0  -0887.2 
1465.0  1327.0  -0885.0 
1473.0  1323.0  -0884.9 
1482.0  1325.0  -0885.2 
1484.0  1324.0  -0885.9 
1464.0  1326.0  -0884.0 
1476.0  1322.0  -0884.6 
1493.0  1324.0  -0886.3 
1470.0  1327.0  -0884.6 
1472.0  1322.0  -0884.8 
1473.0  1327.0  -0883.4 
1486.0  1322.0  -0885.1 
1475.0  1326.0  -0884.3 
1474.0  1325.0  -0883.7 
1478.0  1323.0  -0884.2 
1478.0  1324.0  -0884.3 
1487.0  1324.0  -0885.4 
1480.0  1326.0  -0885.1 
1476.0  1326.0  -0884.4 
1486.0  1326.0  -0884.7 
1470.0  1326.0  -0883.4 
1475.0  1322.0  -0883.9 
1473.0  1324.0  -0883.6 
1478.0  1323.0  -0884.1 
1470.0  1326.0  -0882.7 
1477.0  1326.0  -0882.2 
1480.0  1323.0  -0882.9 
1470.0  1326.0  -0881.6 
1473.0  1322.0  -0881.9 
1479.0  1326.0  -0881.6 
1471.0  1322.0  -0881.7 
1479.0  1324.0  -0882.0 
1470.0  1326.0  -0880.7 
1466.0  1323.0  -0880.0 
1475.0  1326.0  -0879.2 
1481.0  1323.0  -0880.1 
1483.0  1326.0  -0880.2 
1468.0  1325.0  -0879.0 
1479.0  1324.0  -0879.4 
1471.0  1327.0  -0877.9 
1477.0  1321.0  -0879.0 
1472.0  1324.0  -0878.6 
1487.0  1321.0  -0880.8 
1481.0  1326.0  -0880.6 
1473.0  1326.0  -0879.6 
1478.0  1323.0  -0880.2 
1478.0  1327.0  -0879.4 
1474.0  1324.0  -0879.2 
1480.0  1324.0  -0879.7 
1475.0  1326.0  -0878.9 
1490.0  1323.0  -0880.7 
1474.0  1326.0  -0879.8 
1480.0  1322.0  -0880.9 
1492.0  1324.0  -0882.6 
1473.0  1325.0  -0881.9 
1473.0  1324.0  -0881.6 
1467.0  1328.0  -0879.3 
1477.0  1321.0  -0880.4 
1465.0  1325.0  -0879.0 
1474.0  1323.0  -0879.1 
1474.0  1326.0  -0878.3 
1481.0  1325.0  -0878.5 
1487.0  1326.0  -0879.0 
1470.0  1325.0  -0878.1 
1483.0  1322.0  -0879.5 
1479.0  1325.0  -0879.5 
1475.0  1322.0  -0880.1 
1471.0  1326.0  -0878.9 
1473.0  1325.0  -0878.3 
1482.0  1324.0  -0878.9 
1477.0  1324.0  -0879.1 
1477.0  1322.0  -0879.8 
1476.0  1325.0  -0879.5 
1489.0  1326.0  -0880.2 
1482.0  1325.0  -0880.5 
1475.0  1325.0  -0880.1 
1478.0  1321.0  -0881.3 
1482.0  1327.0  -0880.9 
1475.0  1325.0  -0880.5 
1484.0  1324.0  -0881.3 
1464.0  1327.0  -0879.1 
1486.0  1321.0  -0881.1 
1481.0  1326.0  -0880.9 
1476.0  1320.0  -0882.3 
1475.0  1326.0  -0881.5 
1475.0  1326.0  -0880.7 
1487.0  1323.0  -0882.2 
1474.0  1326.0  -0881.3 
1487.0  1323.0  -0882.7 
1471.0  1325.0  -0881.9 
1479.0  1326.0  -0881.5 
1469.0  1324.0  -0880.8 
1473.0  1325.0  -0880.1 
1471.0  1324.0  -0879.6 
1475.0  1326.0  -0878.9 
1470.0  1325.0  -0878.0 
1479.0  1324.0  -0878.3 
1477.0  1325.0  -0878.1 
1472.0  1326.0  -0877.1 
1467.0  1326.0  -0875.6 
1475.0  1322.0  -0876.2 
1476.0  1325.0  -0875.9 
1483.0  1321.0  -0877.7 
1483.0  1324.0  -0878.4 
1468.0  1329.0  -0876.0 
1476.0  1322.0  -0876.7 
1476.0  1325.0  -0876.4 
1471.0  1321.0  -0877.0 
1484.0  1325.0  -0877.5 
1473.0  1324.0  -0877.2 
1470.0  1325.0  -0876.3 
1479.0  1326.0  -0876.0 
1478.0  1323.0  -0876.6 
1478.0  1326.0  -0876.2 
1485.0  1326.0  -0876.6 
1484.0  1325.0  -0877.1 
1478.0  1326.0  -0876.7 
1480.0  1323.0  -0877.5 
1476.0  1325.0  -0877.2 
1470.0  1323.0  -0877.0 
1475.0  1326.0  -0876.3 
1467.0  1327.0  -0874.4 
1482.0  1324.0  -0875.1 
1485.0  1324.0  -0876.1 
1479.0  1324.0  -0876.5 
1478.0  1327.0  -0875.8 
1473.0  1323.0  -0875.8 
1472.0  1324.0  -0875.5 
1476.0  1325.0  -0875.2 
1473.0  1323.0  -0875.3 
1478.0  1327.0  -0874.6 
1476.0  1322.0  -0875.3 
1475.0  1324.0  -0875.3 
1474.0  1325.0  -0874.9 
1468.0  1324.0  -0874.1 
1465.0  1327.0  -0872.1 
1484.0  1323.0  -0873.3 
1474.0  1326.0  -0872.6 
1487.0  1321.0  -0874.8 
1474.0  1324.0  -0874.7 
1475.0  1326.0  -0874.0 
1477.0  1324.0  -0874.2 
1473.0  1325.0  -0873.6 
1477.0  1322.0  -0874.5 
1481.0  1324.0  -0875.1 
1480.0  1326.0  -0874.9 
1479.0  1323.0  -0875.6 
1473.0  1326.0  -0874.7 
1478.0  1323.0  -0875.3 
1485.0  1324.0  -0876.3 
1475.0  1326.0  -0875.6 
1490.0  1326.0  -0876.5 
1466.0  1326.0  -0874.8 
1467.0  1320.0  -0875.3 
1487.0  1325.0  -0876.2 
1475.0  1322.0  -0876.8 
1479.0  1326.0  -0876.5 
1469.0  1326.0  -0875.2 
1479.0  1324.0  -0875.6 
1482.0  1325.0  -0875.9 
1481.0  1321.0  -0877.5 
1478.0  1325.0  -0877.4 
1475.0  1322.0  -0878.0 
1484.0  1324.0  -0878.8 
1477.0  1325.0  -0878.6 
1479.0  1324.0  -0879.0 
1475.0  1326.0  -0878.2 
1489.0  1322.0  -0880.3 
1481.0  1326.0  -0880.1 
1474.0  1327.0  -0878.9 
1470.0  1324.0  -0878.3 
1473.0  1326.0  -0877.4 
1481.0  1323.0  -0878.3 
1478.0  1327.0  -0877.6 
1471.0  1324.0  -0877.1 
1469.0  1322.0  -0877.1 
1456.0  1327.0  -0874.1 
1475.0  1322.0  -0874.7 
1476.0  1326.0  -0874.1 
1480.0  1323.0  -0875.0 
1476.0  1325.0  -0874.7 
1478.0  1324.0  -0875.0 
1471.0  1323.0  -0874.9 
1476.0  1328.0  -0873.7 
1475.0  1320.0  -0875.0 
1474.0  1324.0  -0874.8 
1486.0  1323.0  -0876.3 
1481.0  1325.0  -0876.5 
1483.0  1326.0  -0876.6 
1479.0  1324.0  -0877.0 
1479.0  1324.0  -0877.3 
1475.0  1323.0  -0877.6 
1475.0  1325.0  -0877.2 
1469.0  1326.0  -0875.9 
1478.0  1323.0  -0876.5 
1479.0  1325.0  -0876.5 
1486.0  1322.0  -0878.2 
1472.0  1324.0  -0877.9 
1472.0  1323.0  -0877.8 
1486.0  1326.0  -0878.2 
1470.0  1327.0  -0876.7 
1472.0  1321.0  -0877.3 
1474.0  1325.0  -0876.8 
1474.0  1321.0  -0877.6 
1478.0  1325.0  -0877.5 
1473.0  1324.0  -0877.3 
1469.0  1323.0  -0876.9 
1482.0  1326.0  -0876.9 
1474.0  1321.0  -0877.8 
1475.0  1326.0  -0877.0 
1472.0  1321.0  -0877.7 
1482.0  1324.0  -0878.3 
1475.0  1325.0  -0877.9 
1480.0  1324.0  -0878.4 
1474.0  1324.0  -0878.2 
1483.0  1323.0  -0879.3 
1470.0  1326.0  -0878.0 
1483.0  1326.0  -0878.1 
1476.0  1323.0  -0878.5 
1474.0  1326.0  -0877.6 
1480.0  1324.0  -0878.1 
1486.0  1326.0  -0878.5 
1479.0  1323.0  -0879.2 
1479.0  1324.0  -0879.5 
1483.0  1326.0  -0879.6 
1482.0  1323.0  -0880.5 
1484.0  1325.0  -0881.0 
1475.0  1322.0  -0881.6 
1475.0  1324.0  -0881.5 
1476.0  1323.0  -0881.8 
1464.0  1324.0  -0880.5 
1473.0  1327.0  -0879.2 
1476.0  1321.0  -0880.2 
1489.0  1324.0  -0881.6 
1487.0  1321.0  -0883.7 
1485.0  1326.0  -0883.9 
1488.0  1330.0  -0883.1 
1478.0  1323.0  -0883.6 
1472.0  1326.0  -0882.5 
1478.0  1323.0  -0883.0 
1474.0  1325.0  -0882.5 
1476.0  1326.0  -0881.8 
1478.0  1326.0  -0881.3 
1472.0  1327.0  -0879.9 
1475.0  1324.0  -0879.8 
1477.0  1325.0  -0879.6 
1471.0  1326.0  -0878.5 
1480.0  1326.0  -0878.2 
1470.0  1326.0  -0877.0 
1486.0  1320.0  -0879.4 
1470.0  1326.0  -0878.1 
1484.0  1323.0  -0879.3 
1477.0  1325.0  -0879.1 
1477.0  1323.0  -0879.6 
1476.0  1324.0  -0879.6 
1472.0  1325.0  -0878.9 
1489.0  1320.0  -0881.5 
1484.0  1325.0  -0882.0 
1475.0  1321.0  -0882.9 
1487.0  1325.0  -0883.6 
1477.0  1326.0  -0883.0 
1477.0  1324.0  -0883.1 
1480.0  1326.0  -0882.8 
1480.0  1323.0  -0883.5 
1480.0  1324.0  -0883.9 
1476.0  1327.0  -0882.9 
1483.0  1327.0  -0882.6 
1468.0  1327.0  -0880.8 
1480.0  1324.0  -0881.2 
1485.0  1325.0  -0881.8 
1475.0  1326.0  -0881.0 
1476.0  1323.0  -0881.3 
1468.0  1325.0  -0880.2 
1484.0  1323.0  -0881.3 
1478.0  1324.0  -0881.5 
1472.0  1322.0  -0881.8 
1474.0  1325.0  -0881.2 
1475.0  1327.0  -0880.1 
1478.0  1324.0  -0880.3 
1469.0  1327.0  -0878.6 
1475.0  1319.0  -0880.2 
1472.0  1326.0  -0879.1 
1467.0  1325.0  -0877.9 
1471.0  1325.0  -0877.1 
1480.0  1326.0  -0876.9 
1479.0  1322.0  -0877.9 
1486.0  1326.0  -0878.3 
1483.0  1323.0  -0879.4 
1470.0  1326.0  -0878.1 
1475.0  1327.0  -0877.1 
1484.0  1325.0  -0877.6 
1470.0  1325.0  -0876.7 
1477.0  1323.0  -0877.2 
1487.0  1326.0  -0877.7 
1474.0  1323.0  -0877.9 
1479.0  1325.0  -0877.9 
1474.0  1327.0  -0876.8 
1484.0  1322.0  -0878.3 
1476.0  1326.0  -0877.7 
1483.0  1322.0  -0879.1 
1480.0  1326.0  -0878.8 
1472.0  1325.0  -0878.1 
1484.0  1326.0  -0878.3 
1479.0  1326.0  -0878.0 
1472.0  1323.0  -0878.0 
1478.0  1324.0  -0878.2 
1479.0  1321.0  -0879.5 
1481.0  1324.0  -0880.1 
1471.0  1327.0  -0878.6 
1473.0  1324.0  -0878.3 
1481.0  1324.0  -0878.8 
1487.0  1321.0  -0881.0 
1476.0  1326.0  -0880.3 
1472.0  1326.0  -0879.2 
1481.0  1324.0  -0879.8 
1481.0  1326.0  -0879.6 
1484.0  1323.0  -0880.8 
1476.0  1324.0  -0880.8 
1483.0  1324.0  -0881.5 
1486.0  1326.0  -0881.9 
1473.0  1326.0  -0880.9 
1484.0  1322.0  -0882.4 
1489.0  1325.0  -0883.4 
1467.0  1321.0  -0883.4 
1482.0  1325.0  -0883.6 
1472.0  1325.0  -0882.9 
1478.0  1325.0  -0882.7 
1481.0  1327.0  -0882.2 
1485.0  1320.0  -0884.4 
1465.0  1326.0  -0882.6 
1478.0  1322.0  -0883.4 
1481.0  1326.0  -0883.2 
1483.0  1325.0  -0883.6 
1479.0  1322.0  -0884.5 
1480.0  1325.0  -0884.6 
1479.0  1323.0  -0885.1 
1472.0  1326.0  -0884.0 
1472.0  1328.0  -0882.3 
1476.0  1325.0  -0881.9 
1477.0  1326.0  -0881.3 
1478.0  1324.0  -0881.5 
1485.0  1326.0  -0881.8 
1465.0  1326.0  -0880.0 
1471.0  1325.0  -0879.2 
1471.0  1328.0  -0877.4 
1488.0  1323.0  -0879.0 
1482.0  1325.0  -0879.3 
1478.0  1322.0  -0880.2 
1480.0  1324.0  -0880.6 
1478.0  1324.0  -0880.8 
1484.0  1325.0  -0881.3 
1473.0  1326.0  -0880.3 
1467.0  1322.0  -0880.0 
1484.0  1324.0  -0880.9 
1478.0  1321.0  -0882.0 
1470.0  1325.0  -0881.1 
1483.0  1326.0  -0881.1 
1478.0  1324.0  -0881.3 
1472.0  1326.0  -0880.3 
1481.0  1321.0  -0881.8 
1470.0  1326.0  -0880.5 
1481.0  1328.0  -0879.7 
1485.0  1326.0  -0880.0 
1463.0  1325.0  -0878.3 
1476.0  1323.0  -0878.7 
1480.0  1326.0  -0878.5 
1483.0  1325.0  -0878.9 
1486.0  1322.0  -0880.6 
1466.0  1327.0  -0878.6 
1475.0  1322.0  -0879.2 
1480.0  1325.0  -0879.3 
1473.0  1323.0  -0879.3 
1489.0  1326.0  -0880.0 
1475.0  1324.0  -0879.9 
1485.0  1323.0  -0881.2 
1484.0  1326.0  -0881.3 
1486.0  1320.0  -0883.6 
1481.0  1325.0  -0883.8 
1475.0  1321.0  -0884.6 
1488.0  1324.0  -0885.8 
1475.0  1325.0  -0885.3 
1485.0  1323.0  -0886.5 
1478.0  1326.0  -0886.0 
1476.0  1324.0  -0885.9 
1486.0  1325.0  -0886.5 
1461.0  1323.0  -0885.3 
1471.0  1322.0  -0885.3 
1474.0  1326.0  -0884.4 
1478.0  1323.0  -0884.9 
1478.0  1325.0  -0884.7 
1482.0  1323.0  -0885.6 
1476.0  1324.0  -0885.5 
1477.0  1327.0  -0884.6 
1471.0  1322.0  -0884.7 
1478.0  1326.0  -0884.2 
1489.0  1323.0  -0885.8 
1471.0  1326.0  -0884.6 
1482.0  1325.0  -0884.8 
1474.0  1323.0  -0884.9 
1483.0  1327.0  -0884.5 
1469.0  1321.0  -0884.8 
1483.0  1325.0  -0885.1 
1471.0  1322.0  -0885.2 
1476.0  1326.0  -0884.5 
1469.0  1326.0  -0883.0 
1479.0  1326.0  -0882.7 
1477.0  1326.0  -0882.1 
1475.0  1321.0  -0882.9 
1463.0  1325.0  -0881.3 
1476.0  1326.0  -0880.6 
1466.0  1323.0  -0879.9 
1478.0  1326.0  -0879.5 
1477.0  1322.0  -0880.2 
1478.0  1326.0  -0879.8 
1479.0  1326.0  -0879.4 
1487.0  1325.0  -0880.3 
1469.0  1327.0  -0878.6 
1486.0  1321.0  -0880.6 
1473.0  1327.0  -0879.3 
1476.0  1322.0  -0880.0 
1478.0  1326.0  -0879.5 
1470.0  1325.0  -0878.6 
1470.0  1325.0  -0877.7 
1473.0  1327.0  -0876.5 
1463.0  1323.0  -0875.5 
1475.0  1327.0  -0874.5 
1481.0  1323.0  -0875.4 
1492.0  1325.0  -0876.8 
1488.0  1325.0  -0877.8 
1472.0  1323.0  -0877.7 
1474.0  1325.0  -0877.2 
1479.0  1323.0  -0877.9 
1489.0  1325.0  -0878.9 
1478.0  1326.0  -0878.5 
1479.0  1326.0  -0878.2 
1489.0  1327.0  -0878.6 
1483.0  1323.0  -0879.6 
1478.0  1327.0  -0878.9 
1488.0  1322.0  -0880.8 
1482.0  1323.0  -0881.7 
1477.0  1329.0  -0880.2 
1475.0  1322.0  -0880.7 
1470.0  1325.0  -0879.8 
1481.0  1322.0  -0881.0 
1475.0  1324.0  -0880.9 
1466.0  1324.0  -0879.8 
1466.0  1324.0  -0878.8 
1472.0  1325.0  -0878.1 
1476.0  1322.0  -0878.8 
1473.0  1325.0  -0878.2 
1481.0  1321.0  -0879.7 
1475.0  1326.0  -0879.0 
1484.0  1326.0  -0879.2 
1478.0  1322.0  -0880.0 
1484.0  1325.0  -0880.5 
1483.0  1323.0  -0881.6 
1493.0  1326.0  -0882.7 
1475.0  1327.0  -0881.6 
1481.0  1326.0  -0881.4 
 