-1180.2 0023.2  -1162.7 
-1125.6 0039.8  -1161.4 
-1110.0 -0026.5 -1161.2 
-1188.0 -0009.9 -1161.8 
-1141.2 -0059.7 -1162.7 
-1117.8 0023.2  -1161.6 
-1102.2 0039.8  -1160.1 
-1164.6 -0026.5 -1160.7 
-1086.7 -0009.9 -1159.9 
-1172.4 -0043.1 -1160.9 
-1133.4 0006.6  -1160.4 
-1047.8 0039.8  -1158.1 
-1266.2 0039.8  -1158.8 
-1102.2 0006.6  -1157.9 
-1188.0 -0026.5 -1158.8 
-1117.8 0023.2  -1157.8 
-1133.4 -0026.5 -1158.0 
-1141.2 -0009.9 -1158.0 
-1172.4 -0009.9 -1158.4 
-1133.4 -0043.1 -1158.9 
-1180.2 0006.6  -1159.1 
-1063.3 -0043.1 -1158.6 
-1188.0 -0009.9 -1159.2 
-1180.2 -0043.1 -1160.4 
-1211.4 0023.2  -1160.6 
-1125.6 0006.6  -1160.0 
-1102.2 -0059.7 -1160.4 
-1195.8 0006.6  -1160.7 
-1149.0 -0043.1 -1161.4 
-1172.4 0039.8  -1160.8 
-1117.8 0006.6  -1160.1 
-1156.8 -0026.5 -1160.6 
-1133.4 0006.6  -1160.1 
-1203.6 -0026.5 -1161.2 
-1188.0 -0026.5 -1162.0 
-1141.2 -0043.1 -1162.6 
-1125.6 0023.2  -1161.7 
-1180.2 0023.2  -1161.5 
-1149.0 -0026.5 -1161.8 
-1188.0 0006.6  -1162.0 
-1164.6 -0043.1 -1162.9 
-1188.0 0006.6  -1163.1 
-1133.4 0023.2  -1162.3 
-1156.8 -0043.1 -1163.0 
-1141.2 0023.2  -1162.3 
-1141.2 -0043.1 -1162.9 
-1110.0 0072.9  -1160.7 
-1227.0 -0026.5 -1162.1 
-1195.8 0006.6  -1162.4 
-1156.8 0039.8  -1161.6 
-1156.8 -0009.9 -1161.7 
-1211.4 0023.2  -1161.9 
-1234.9 -0043.1 -1163.7 
-1117.8 0039.8  -1162.3 
-1172.4 0039.8  -1161.7 
-1219.2 -0043.1 -1163.3 
-1094.5 -0043.1 -1163.2 
-1180.2 -0043.1 -1164.3 
-1133.4 0006.6  -1163.8 
-1180.2 -0043.1 -1164.8 
-1164.6 -0009.9 -1165.0 
-1117.8 0039.8  -1163.6 
-1125.6 -0026.5 -1163.6 
-1110.0 0023.2  -1162.5 
-1117.8 -0009.9 -1162.1 
-1102.2 0006.6  -1161.2 
-1125.6 0006.6  -1160.6 
-1149.0 -0043.1 -1161.3 
-1133.4 0023.2  -1160.4 
-1227.0 -0092.8 -1163.2 
-1227.0 0023.2  -1163.5 
-1203.6 -0026.5 -1164.6 
-1188.0 0023.2  -1164.4 
-1141.2 0023.2  -1163.7 
-1063.3 -0026.5 -1162.9 
-1032.3 0023.2  -1160.7 
-1242.7 -0076.2 -1163.3 
-1149.0 0023.2  -1162.6 
-1110.0 0006.6  -1161.8 
-1117.8 -0059.7 -1162.4 
-1234.9 0023.2  -1162.9 
-1258.3 -0059.7 -1165.3 
-1156.8 0006.6  -1165.1 
-1110.0 0039.8  -1163.6 
-1094.5 0056.3  -1161.6 
-1133.4 0023.2  -1160.7 
-1141.2 -0043.1 -1161.3 
-1188.0 -0026.5 -1162.2 
-1195.8 -0043.1 -1163.5 
-1172.4 -0009.9 -1163.8 
-1195.8 -0009.9 -1164.4 
-1172.4 -0043.1 -1165.4 
-1094.5 0056.3  -1163.3 
-1110.0 -0026.5 -1163.2 
-1133.4 0039.8  -1162.0 
-1164.6 -0009.9 -1162.2 
-1164.6 0006.6  -1162.1 
-1110.0 0006.6  -1161.3 
-1180.2 -0009.9 -1161.7 
-1149.0 0056.3  -1160.5 
-1032.3 -0076.2 -1160.3 
-1164.6 0023.2  -1159.9 
-1149.0 0023.2  -1159.3 
-1164.6 -0026.5 -1159.9 
-1055.6 0006.6  -1158.4 
-1250.5 -0059.7 -1160.8 
-1086.7 0023.2  -1159.3 
-1063.3 -0009.9 -1158.3 
-1102.2 0006.6  -1157.4 
-1164.6 0023.2  -1157.0 
-1180.2 -0059.7 -1158.5 
-1117.8 0006.6  -1157.8 
-1195.8 -0009.9 -1158.5 
-1180.2 0023.2  -1158.4 
-1125.6 0039.8  -1157.1 
-1195.8 -0026.5 -1158.2 
-1110.0 0039.8  -1156.8 
-1071.1 -0009.9 -1155.8 
-1133.4 0023.2  -1155.1 
-1149.0 -0026.5 -1155.5 
-1180.2 0023.2  -1155.4 
-1180.2 0023.2  -1155.3 
-1125.6 -0043.1 -1155.7 
-1172.4 0023.2  -1155.5 
-1188.0 -0059.7 -1157.1 
-1110.0 0023.2  -1156.0 
-1203.6 0006.6  -1156.5 
-1219.2 -0026.5 -1157.8 
-1071.1 0023.2  -1156.2 
-1164.6 -0043.1 -1157.2 
-1188.0 0006.6  -1157.5 
-1172.4 -0076.2 -1159.2 
-1188.0 -0026.5 -1160.1 
-1117.8 0023.2  -1159.1 
-1133.4 -0076.2 -1160.2 
-1110.0 -0009.9 -1159.8 
-1188.0 -0043.1 -1161.0 
-1203.6 0006.6  -1161.4 
-1195.8 0023.2  -1161.4 
-1172.4 -0043.1 -1162.4 
-1086.7 -0009.9 -1161.6 
-1234.9 -0059.7 -1163.8 
-1141.2 0023.2  -1163.0 
-1164.6 -0026.5 -1163.5 
-1102.2 -0009.9 -1162.9 
-1102.2 0023.2  -1161.7 
-1180.2 -0026.5 -1162.4 
-1188.0 -0009.9 -1163.0 
-1188.0 -0026.5 -1163.8 
-1125.6 0006.6  -1163.2 
-1172.4 -0009.9 -1163.5 
-1110.0 -0026.5 -1163.3 
-1141.2 0023.2  -1162.6 
-1110.0 -0043.1 -1162.7 
-1203.6 0023.2  -1162.8 
-1133.4 -0043.1 -1163.3 
-1195.8 0023.2  -1163.3 
-1110.0 -0043.1 -1163.4 
-1172.4 -0026.5 -1164.0 
-1102.2 0039.8  -1162.4 
-1141.2 -0026.5 -1162.7 
-1195.8 0023.2  -1162.7 
-1086.7 0023.2  -1161.2 
-1117.8 -0043.1 -1161.5 
-0993.5 0023.2  -1158.8 
-1086.7 -0043.1 -1158.7 
-1156.8 0023.2  -1158.2 
-1172.4 -0059.7 -1159.6 
-1195.8 0006.6  -1159.9 
-1102.2 0006.6  -1159.1 
-1211.4 -0043.1 -1160.6 
-1172.4 0023.2  -1160.3 
-1188.0 -0043.1 -1161.5 
-1141.2 0056.3  -1160.1 
-1141.2 0023.2  -1159.4 
-1047.8 -0026.5 -1158.5 
-1141.2 0023.2  -1157.8 
-1156.8 -0043.1 -1158.6 
-1156.8 -0009.9 -1158.8 
-1195.8 -0076.2 -1160.8 
-1281.8 0023.2  -1161.9 
-1094.5 0039.8  -1160.3 
-1141.2 -0043.1 -1160.9 
-1211.4 0006.6  -1161.4 
-1164.6 -0043.1 -1162.3 
-1149.0 0006.6  -1162.0 
-1141.2 0023.2  -1161.2 
-1149.0 -0076.2 -1162.6 
-1180.2 -0009.9 -1163.0 
-1141.2 -0043.1 -1163.6 
-1227.0 0023.2  -1164.0 
-1180.2 -0026.5 -1164.7 
-1133.4 0006.6  -1164.1 
-1172.4 0023.2  -1163.8 
-1125.6 -0043.1 -1164.1 
-1242.7 0039.8  -1164.4 
-1141.2 -0076.2 -1165.6 
-1110.0 0023.2  -1164.4 
-1219.2 0006.6  -1165.0 
-1094.5 -0059.7 -1165.2 
-1102.2 0006.6  -1164.3 
-1180.2 -0059.7 -1165.7 
-1242.7 -0009.9 -1166.9 
-1149.0 -0059.7 -1167.8 
-1227.0 0023.2  -1168.1 
-1149.0 0056.3  -1166.8 
-1188.0 -0026.5 -1167.6 
-1188.0 0006.6  -1167.7 
-1117.8 -0026.5 -1167.6 
-1164.6 0006.6  -1167.4 
-1125.6 0023.2  -1166.4 
-1094.5 -0026.5 -1166.0 
-1117.8 0039.8  -1164.6 
-1117.8 -0043.1 -1164.8 
-1110.0 0023.2  -1163.6 
-1180.2 -0009.9 -1164.0 
-1211.4 0006.6  -1164.5 
-1102.2 0006.6  -1163.6 
-1125.6 -0026.5 -1163.6 
-1149.0 0039.8  -1162.6 
-1149.0 -0026.5 -1163.0 
-1117.8 0023.2  -1161.9 
-1195.8 0023.2  -1161.9 
-1195.8 -0026.5 -1162.9 
-1149.0 0023.2  -1162.2 
-1234.9 -0043.1 -1164.0 
-1242.7 0006.6  -1164.9 
-1274.0 -0043.1 -1167.2 
-1149.0 0023.2  -1166.5 
-1164.6 0056.3  -1165.4 
-1180.2 -0043.1 -1166.4 
-1180.2 -0009.9 -1166.8 
-1180.2 -0059.7 -1168.2 
-1172.4 -0026.5 -1168.7 
-1164.6 0056.3  -1167.6 
-1156.8 -0076.2 -1168.9 
-1164.6 0039.8  -1168.1 
-1149.0 -0043.1 -1168.7 
-1133.4 0006.6  -1168.1 
-1149.0 0006.6  -1167.7 
-1180.2 0006.6  -1167.8 
-1078.9 0023.2  -1166.1 
-1156.8 -0026.5 -1166.5 
-1094.5 -0009.9 -1165.8 
-1141.2 -0026.5 -1166.0 
-1125.6 0006.6  -1165.3 
-1047.8 0023.2  -1163.3 
-0947.0 -0043.1 -1161.3 
-1055.6 0006.6  -1159.8 
-1001.2 -0043.1 -1158.6 
-1125.6 0006.6  -1158.0 
-1055.6 -0026.5 -1157.2 
-1188.0 -0026.5 -1158.1 
-1102.2 0023.2  -1156.9 
-1195.8 -0059.7 -1158.6 
-1133.4 0023.2  -1157.8 
-1110.0 -0026.5 -1157.7 
-1141.2 0006.6  -1157.3 
-1203.6 0039.8  -1157.2 
-1203.6 -0009.9 -1158.0 
-1188.0 0039.8  -1157.6 
-1195.8 -0043.1 -1158.9 
-1078.9 0006.6  -1157.8 
-1211.4 -0043.1 -1159.3 
-1156.8 0039.8  -1158.5 
-1180.2 0006.6  -1158.6 
-1172.4 -0009.9 -1159.0 
-1149.0 0039.8  -1158.1 
-1102.2 -0026.5 -1157.9 
-1164.6 -0009.9 -1158.2 
-1040.0 0039.8  -1155.8 
-1211.4 -0043.1 -1157.4 
-1156.8 0006.6  -1157.3 
-1071.1 -0043.1 -1157.0 
-1156.8 0023.2  -1156.5 
-1078.9 0006.6  -1155.4 
-1156.8 0023.2  -1154.9 
-1149.0 0023.2  -1154.4 
-1172.4 -0026.5 -1155.2 
-1040.0 0023.2  -1153.2 
-1164.6 -0026.5 -1153.9 
-1203.6 -0009.9 -1154.7 
-1125.6 0023.2  -1153.9 
-1195.8 -0009.9 -1154.6 
-1164.6 0039.8  -1154.0 
-1219.2 -0059.7 -1156.0 
-1234.9 -0009.9 -1157.2 
-1195.8 -0026.5 -1158.3 
-1094.5 0023.2  -1157.0 
-1117.8 0023.2  -1156.0 
-1180.2 -0043.1 -1157.2 
-1125.6 0006.6  -1156.6 
-1133.4 -0076.2 -1157.8 
-1164.6 -0026.5 -1158.4 
-1102.2 0023.2  -1157.2 
-1149.0 -0059.7 -1158.3 
-1234.9 0006.6  -1159.2 
-1195.8 -0026.5 -1160.2 
-1266.2 0039.8  -1160.8 
-1141.2 -0026.5 -1161.1 
-1180.2 -0026.5 -1161.8 
-1024.5 0023.2  -1159.6 
-1133.4 -0026.5 -1159.8 
-1149.0 0006.6  -1159.5 
-1156.8 -0076.2 -1160.9 
-1110.0 0006.6  -1160.1 
-1180.2 0006.6  -1160.3 
-1203.6 -0026.5 -1161.4 
-1195.8 0023.2  -1161.4 
-1164.6 -0043.1 -1162.3 
-1188.0 -0009.9 -1162.8 
-1078.9 -0026.5 -1162.2 
-1125.6 0023.2  -1161.3 
-1164.6 0023.2  -1160.9 
-1195.8 -0043.1 -1162.2 
-1086.7 -0009.9 -1161.4 
-1211.4 0006.6  -1161.9 
-1055.6 0006.6  -1160.4 
-1117.8 0039.8  -1159.0 
-1117.8 -0026.5 -1159.0 
-1086.7 0039.8  -1157.3 
-1047.8 -0009.9 -1156.0 
-1078.9 0023.2  -1154.6 
-1195.8 -0043.1 -1155.9 
-1094.5 -0009.9 -1155.3 
-1094.5 -0009.9 -1154.7 
-1180.2 -0043.1 -1155.9 
-1086.7 0006.6  -1154.9 
-1133.4 -0009.9 -1154.8 
-1195.8 0023.2  -1154.9 
-1203.6 0039.8  -1154.7 
-1227.0 -0009.9 -1155.9 
-1102.2 0039.8  -1154.4 
-1195.8 -0009.9 -1155.1 
-1055.6 0006.6  -1153.7 
-1001.2 0039.8  -1150.9 
-1149.0 0006.6  -1150.7 
-1110.0 0039.8  -1149.4 
-1242.7 -0026.5 -1151.2 
-1149.0 -0009.9 -1151.3 
-1102.2 -0026.5 -1151.2 
-1156.8 0006.6  -1151.1 
-1133.4 0056.3  -1149.8 
-1195.8 -0026.5 -1150.9 
-1149.0 0023.2  -1150.4 
-1102.2 -0043.1 -1150.7 
-1133.4 -0009.9 -1150.6 
-1094.5 -0043.1 -1150.7 
-1172.4 0006.6  -1150.9 
-1094.5 0023.2  -1149.7 
-1156.8 -0009.9 -1150.0 
-1156.8 0072.9  -1148.6 
-1149.0 -0043.1 -1149.5 
-1203.6 0023.2  -1149.7 
-1117.8 0006.6  -1149.2 
-1133.4 -0026.5 -1149.5 
-1040.0 -0009.9 -1148.3 
-1227.0 -0043.1 -1150.2 
-1234.9 -0026.5 -1151.8 
-1180.2 0006.6  -1152.0 
-1172.4 0006.6  -1152.2 
-1219.2 0023.2  -1152.6 
-1117.8 -0043.1 -1153.0 
-1211.4 0006.6  -1153.6 
-1188.0 0006.6  -1153.9 
-1149.0 -0009.9 -1154.1 
-1180.2 0039.8  -1153.6 
-1009.0 -0026.5 -1152.3 
-1117.8 0023.2  -1151.3 
-1164.6 -0059.7 -1152.7 
-1156.8 0006.6  -1152.6 
-1086.7 -0043.1 -1152.6 
-1133.4 -0009.9 -1152.5 
-1102.2 0039.8  -1151.1 
-1195.8 -0009.9 -1151.9 
-1102.2 0039.8  -1150.4 
-1172.4 -0026.5 -1151.3 
-1172.4 0006.6  -1151.4 
-1180.2 -0009.9 -1152.0 
-1188.0 -0059.7 -1153.6 
-1102.2 0006.6  -1152.8 
-1164.6 -0009.9 -1153.2 
-1141.2 0023.2  -1152.6 
-1250.5 -0009.9 -1154.0 
-1086.7 0039.8  -1152.4 
-1180.2 0039.8  -1151.9 
-1219.2 -0026.5 -1153.4 
-1094.5 0006.6  -1152.5 
-1164.6 -0026.5 -1153.1 
-1149.0 0006.6  -1152.9 
-1219.2 0023.2  -1153.4 
-1195.8 -0026.5 -1154.4 
-1188.0 0023.2  -1154.4 
-1156.8 -0059.7 -1155.6 
-1195.8 0006.6  -1156.0 
-1063.3 -0026.5 -1155.3 
-1156.8 0006.6  -1155.2 
-1164.6 0006.6  -1155.2 
-1172.4 -0026.5 -1156.0 
-1211.4 -0009.9 -1156.9 
-1188.0 -0059.7 -1158.5 
-1164.6 -0009.9 -1158.8 
-1156.8 0006.6  -1158.6 
-1188.0 -0043.1 -1159.8 
-1047.8 0006.6  -1158.2 
-1156.8 -0026.5 -1158.7 
-1149.0 0023.2  -1158.1 
-1102.2 -0009.9 -1157.6 
-1133.4 -0009.9 -1157.5 
-1164.6 0006.6  -1157.4 
-1188.0 -0059.7 -1159.0 
-1234.9 0006.6  -1159.9 
-1195.8 -0043.1 -1161.2 
-1164.6 0006.6  -1161.1 
-1094.5 -0009.9 -1160.5 
-1117.8 -0043.1 -1160.7 
-1195.8 0023.2  -1160.7 
-1203.6 -0043.1 -1162.2 
-1219.2 -0009.9 -1163.1 
-1094.5 -0043.1 -1163.1 
-1149.0 0056.3  -1161.8 
-1102.2 0006.6  -1160.8 
-1211.4 -0026.5 -1162.0 
-1156.8 -0009.9 -1162.2 
-1110.0 -0043.1 -1162.3 
-1164.6 0006.6  -1162.2 
-1172.4 0023.2  -1161.9 
-1141.2 -0059.7 -1162.8 
-1164.6 0006.6  -1162.7 
-1156.8 0006.6  -1162.5 
-1078.9 -0009.9 -1161.6 
-1110.0 -0009.9 -1161.1 
-1164.6 -0009.9 -1161.3 
-1133.4 0006.6  -1160.8 
-1250.5 -0043.1 -1162.9 
-1156.8 0039.8  -1162.0 
-1149.0 -0026.5 -1162.4 
-1102.2 0023.2  -1161.1 
-1141.2 0039.8  -1160.1 
-1164.6 -0026.5 -1160.6 
-1149.0 0023.2  -1160.0 
-1172.4 -0026.5 -1160.7 
-1195.8 0006.6  -1161.0 
-1180.2 -0043.1 -1162.2 
-1203.6 0023.2  -1162.2 
-1156.8 -0009.9 -1162.4 
-1149.0 -0225.5 -1166.6 
-1133.4 -0026.5 -1166.7 
-1195.8 -0192.3 -1170.9 
-1172.4 -0474.2 -1180.3 
-1195.8 0023.2  -1180.0 
-1188.0 0023.2  -1179.7 
-1001.2 0023.2  -1176.9 
-1078.9 -0043.1 -1176.4 
-1219.2 0039.8  -1176.2 
-1188.0 0006.6  -1176.2 
-1234.9 -0009.9 -1177.2 
-1141.2 0023.2  -1176.3 
-1188.0 -0043.1 -1177.3 
-1009.0 0039.8  -1174.3 
-1133.4 -0059.7 -1174.9 
-1250.5 0006.6  -1175.8 
-1141.2 0006.6  -1175.2 
-1141.2 -0026.5 -1175.3 
-1172.4 0006.6  -1175.1 
-1234.9 -0059.7 -1177.1 
-1172.4 -0009.9 -1177.2 
-1172.4 -0043.1 -1178.0 
-1133.4 0006.6  -1177.3 
-1164.6 0006.6  -1177.0 
-1141.2 -0043.1 -1177.3 
-1117.8 -0009.9 -1176.8 
-1227.0 -0026.5 -1177.9 
-1086.7 0039.8  -1176.0 
-1133.4 0023.2  -1174.9 
-1156.8 0006.6  -1174.6 
-1172.4 0023.2  -1174.1 
-1133.4 -0059.7 -1174.7 
-1110.0 0006.6  -1173.7 
-1188.0 -0026.5 -1174.5 
-1180.2 -0009.9 -1174.7 
-1055.6 0023.2  -1172.7 
-1188.0 -0026.5 -1173.4 
-1172.4 0039.8  -1172.6 
-1211.4 -0043.1 -1174.0 
-1172.4 -0026.5 -1174.5 
-1188.0 0039.8  -1173.9 
-1188.0 -0043.1 -1174.9 
-1016.7 0039.8  -1172.1 
-1156.8 -0026.5 -1172.4 
-1234.9 0039.8  -1172.4 
-1172.4 0023.2  -1172.0 
-1094.5 0039.8  -1170.1 
-1040.0 0039.8  -1167.6 
-1266.2 -0059.7 -1170.1 
-1172.4 0023.2  -1169.7 
-1211.4 -0026.5 -1170.8 
-1211.4 0006.6  -1171.2 
-1250.5 0023.2  -1171.8 
-1086.7 -0043.1 -1171.5 
-1094.5 0006.6  -1170.3 
-1141.2 -0026.5 -1170.5 
-1164.6 0023.2  -1169.9 
-1219.2 -0043.1 -1171.4 
-1149.0 0006.6  -1171.0 
-1117.8 0006.6  -1170.2 
-1040.0 -0026.5 -1169.0 
-1149.0 0006.6  -1168.6 
-1078.9 -0076.2 -1168.9 
-1219.2 0023.2  -1169.1 
-1086.7 0039.8  -1167.3 
-1172.4 -0026.5 -1167.9 
-1180.2 0023.2  -1167.6 
-1141.2 -0043.1 -1168.1 
-1141.2 0006.6  -1167.6 
-1063.3 -0026.5 -1166.7 
-1195.8 -0026.5 -1167.6 
-1071.1 0006.6  -1166.2 
-1141.2 -0026.5 -1166.4 
-1141.2 0039.8  -1165.3 
-1149.0 -0043.1 -1165.9 
-1188.0 0006.6  -1166.1 
-1156.8 0006.6  -1165.9 
-1180.2 -0026.5 -1166.6 
-1149.0 0006.6  -1166.2 
-1188.0 -0026.5 -1167.0 
-1125.6 0006.6  -1166.3 
-1141.2 0023.2  -1165.5 
-1156.8 0006.6  -1165.3 
-1156.8 0006.6  -1165.1 
-1203.6 -0059.7 -1166.7 
-1149.0 0023.2  -1166.1 
-1063.3 -0026.5 -1165.2 
-1133.4 0023.2  -1164.3 
-1164.6 0023.2  -1163.9 
-1071.1 -0043.1 -1163.5 
-1102.2 0006.6  -1162.6 
-1250.5 -0026.5 -1164.3 
-1156.8 -0009.9 -1164.4 
-1141.2 -0026.5 -1164.6 
-1180.2 -0009.9 -1165.0 
-1266.2 0006.6  -1166.2 
-1195.8 -0043.1 -1167.4 
-1133.4 0039.8  -1166.2 
-1102.2 -0043.1 -1166.2 
-1125.6 0006.6  -1165.5 
-1133.4 0023.2  -1164.7 
-1117.8 -0009.9 -1164.2 
-1211.4 0006.6  -1164.7 
-1172.4 -0043.1 -1165.7 
-1188.0 0006.6  -1165.8 
-1180.2 -0043.1 -1166.9 
-1164.6 0006.6  -1166.7 
-1180.2 -0009.9 -1167.1 
-1164.6 -0059.7 -1168.2 
-1180.2 0006.6  -1168.3 
-1133.4 -0026.5 -1168.3 
-1141.2 0023.2  -1167.5 
-1117.8 0006.6  -1166.7 
-1211.4 -0026.5 -1167.8 
-1141.2 0023.2  -1167.0 
-1125.6 -0043.1 -1167.3 
-1149.0 0039.8  -1166.3 
-1188.0 -0043.1 -1167.4 
-1094.5 0006.6  -1166.3 
-1203.6 0023.2  -1166.4 
-1219.2 -0026.5 -1167.6 
-1117.8 0023.2  -1166.5 
-1133.4 -0043.1 -1166.9 
-1133.4 0006.6  -1166.3 
-1180.2 0023.2  -1166.1 
-1141.2 -0026.5 -1166.2 
-1024.5 -0026.5 -1164.9 
-1336.7 -0059.7 -1168.3 
-1195.8 -0009.9 -1168.9 
-1156.8 -0043.1 -1169.6 
-1180.2 -0026.5 -1170.3 
-1125.6 -0009.9 -1169.9 
-1141.2 -0043.1 -1170.3 
-1149.0 0006.6  -1169.9 
-1164.6 -0009.9 -1170.1 
-1078.9 0023.2  -1168.4 
-1055.6 -0009.9 -1167.1 
-1149.0 -0043.1 -1167.7 
-1141.2 0039.8  -1166.6 
-1188.0 -0059.7 -1168.0 
-1188.0 0023.2  -1167.8 
-1094.5 -0059.7 -1168.1 
-1227.0 0023.2  -1168.4 
-1156.8 -0009.9 -1168.4 
-1071.1 -0043.1 -1168.0 
-1211.4 0023.2  -1168.1 
-1125.6 -0059.7 -1168.7 
-1149.0 0006.6  -1168.3 
-1094.5 0023.2  -1166.9 
-1227.0 -0026.5 -1168.2 
-1102.2 0023.2  -1166.9 
-1149.0 -0059.7 -1167.8 
-1211.4 0006.6  -1168.3 
-1227.0 -0043.1 -1169.9 
-1156.8 0023.2  -1169.3 
-1180.2 0039.8  -1168.6 
-1133.4 -0026.5 -1168.7 
-1141.2 0023.2  -1167.9 
-1203.6 -0009.9 -1168.5 
-1188.0 0023.2  -1168.3 
-1117.8 0006.6  -1167.5 
-1242.7 -0043.1 -1169.4 
-1156.8 0006.6  -1169.1 
-1117.8 -0026.5 -1168.9 
-1203.6 0023.2  -1168.9 
-1219.2 -0059.7 -1170.8 
-1102.2 0039.8  -1169.1 
-1203.6 0039.8  -1168.7 
-1164.6 -0043.1 -1169.5 
-1133.4 -0009.9 -1169.3 
-1117.8 -0026.5 -1169.1 
-1266.2 0006.6  -1170.3 
-1102.2 0023.2  -1168.9 
-1071.1 -0059.7 -1168.8 
-1195.8 0023.2  -1168.7 
-1141.2 -0043.1 -1169.2 
-1141.2 -0026.5 -1169.3 
-1164.6 0006.6  -1169.1 
-1156.8 -0009.9 -1169.2 
-1180.2 0006.6  -1169.2 
-1195.8 -0026.5 -1170.1 
-1086.7 0023.2  -1168.5 
-1164.6 -0076.2 -1170.0 
-1156.8 0006.6  -1169.7 
-1117.8 -0009.9 -1169.2 
-1195.8 -0076.2 -1171.0 
-1164.6 0006.6  -1170.8 
-1156.8 -0026.5 -1171.1 
-1133.4 0039.8  -1169.9 
-1180.2 -0043.1 -1170.9 
-1250.5 0006.6  -1171.8 
-1117.8 0006.6  -1170.9 
-1172.4 -0059.7 -1172.1 
-1164.6 0006.6  -1171.9 
-1125.6 -0026.5 -1171.8 
-1133.4 0006.6  -1171.2 
-1055.6 0023.2  -1169.2 
-1195.8 -0043.1 -1170.4 
-1110.0 0039.8  -1168.8 
-1180.2 -0059.7 -1170.1 
-1133.4 -0009.9 -1169.9 
-1133.4 0023.2  -1168.9 
-1227.0 0023.2  -1169.2 
-1133.4 0023.2  -1168.3 
-1203.6 -0009.9 -1169.0 
-1149.0 0023.2  -1168.2 
-1094.5 -0043.1 -1168.1 
-1125.6 0039.8  -1166.8 
-1125.6 0023.2  -1165.8 
-1227.0 -0026.5 -1167.1 
-1164.6 0023.2  -1166.6 
-1164.6 -0026.5 -1167.1 
-1172.4 0039.8  -1166.4 
-1172.4 -0043.1 -1167.3 
-1281.8 0023.2  -1168.4 
-1086.7 0023.2  -1166.8 
-1164.6 -0059.7 -1168.0 
-1110.0 0023.2  -1166.8 
-1141.2 -0026.5 -1166.9 
-1172.4 0023.2  -1166.6 
-1164.6 0023.2  -1166.1 
-1102.2 -0026.5 -1165.8 
-1149.0 0039.8  -1164.8 
-1125.6 -0043.1 -1165.1 
-1203.6 0006.6  -1165.5 
-1164.6 -0026.5 -1166.0 
-1180.2 0006.6  -1166.0 
-1180.2 0039.8  -1165.4 
-1180.2 -0043.1 -1166.5 
-1125.6 0006.6  -1165.8 
-1117.8 -0043.1 -1166.0 
-1172.4 -0009.9 -1166.3 
-1188.0 0023.2  -1166.1 
-1141.2 -0026.5 -1166.3 
-1180.2 0006.6  -1166.4 
-1117.8 -0043.1 -1166.6 
-1094.5 0006.6  -1165.5 
-1141.2 -0043.1 -1166.0 
-1149.0 -0009.9 -1166.0 
-1203.6 -0009.9 -1166.7 
-1102.2 -0026.5 -1166.4 
-1149.0 -0009.9 -1166.3 
-1133.4 -0026.5 -1166.4 
-1094.5 0006.6  -1165.4 
-1195.8 0006.6  -1165.6 
-1141.2 -0043.1 -1166.2 
-1102.2 -0059.7 -1166.5 
-1149.0 -0059.7 -1167.4 
-1195.8 -0009.9 -1168.0 
-1219.2 -0026.5 -1169.2 
-1086.7 -0009.9 -1168.3 
-1141.2 0006.6  -1167.8 
-1195.8 -0043.1 -1169.1 
-1125.6 -0009.9 -1168.7 
-1078.9 -0026.5 -1168.0 
-1195.8 0006.6  -1168.3 
-1063.3 0039.8  -1166.1 
-1195.8 0006.6  -1166.3 
-1117.8 0039.8  -1164.9 
-1188.0 -0009.9 -1165.4 
-1180.2 -0325.0 -1172.0 
-1219.2 -0009.9 -1172.8 
-1164.6 -0325.0 -1179.2 
-1227.0 0056.3  -1178.7 
-1242.7 -0009.9 -1179.7 
-1149.0 0039.8  -1178.5 
-1102.2 -0026.5 -1178.0 
-1203.6 0006.6  -1178.2 
-1203.6 0006.6  -1178.4 
-1149.0 -0026.5 -1178.6 
-1117.8 0023.2  -1177.3 
-1094.5 -0026.5 -1176.8 
-1156.8 0039.8  -1175.7 
-1211.4 -0026.5 -1176.7 
-1094.5 0023.2  -1175.2 
-1164.6 0039.8  -1174.2 
-1180.2 -0026.5 -1174.8 
-1242.7 -0043.1 -1176.6 
-1219.2 -0009.9 -1177.3 
-1211.4 0023.2  -1177.3 
-1086.7 0023.2  -1175.7 
-1149.0 -0009.9 -1175.5 
-1001.2 0023.2  -1172.8 
-1149.0 -0043.1 -1173.3 
-1195.8 0006.6  -1173.5 
-1242.7 -0076.2 -1175.9 
-1234.9 0023.2  -1176.2 
-1133.4 0006.6  -1175.5 
-1172.4 -0026.5 -1176.0 
-1172.4 0006.6  -1175.8 
-1141.2 -0059.7 -1176.5 
-1180.2 0006.6  -1176.5 
-1149.0 0006.6  -1176.0 
-1149.0 -0076.2 -1177.1 
-1125.6 0006.6  -1176.3 
-1125.6 -0026.5 -1176.2 
-1102.2 0039.8  -1174.4 
-1164.6 0023.2  -1173.8 
-1149.0 -0009.9 -1173.7 
-1156.8 0006.6  -1173.3 
-1195.8 -0043.1 -1174.5 
-1110.0 0006.6  -1173.5 
-1071.1 -0043.1 -1173.0 
-1156.8 0006.6  -1172.7 
-1172.4 0006.6  -1172.5 
-1203.6 -0043.1 -1173.8 
-1102.2 0023.2  -1172.4 
-1149.0 -0026.5 -1172.6 
-1117.8 0006.6  -1171.7 
-1188.0 0056.3  -1170.8 
-1133.4 0056.3  -1169.2 
-1094.5 0006.6  -1168.1 
-1188.0 -0043.1 -1169.2 
-1110.0 0023.2  -1168.0 
-1164.6 -0026.5 -1168.5 
-1234.9 0006.6  -1169.2 
-1141.2 0023.2  -1168.4 
-1125.6 -0043.1 -1168.7 
-1016.7 0039.8  -1165.9 
-1172.4 -0059.7 -1167.2 
-1203.6 0023.2  -1167.2 
-1133.4 -0026.5 -1167.3 
-1172.4 0006.6  -1167.2 
-1133.4 0006.6  -1166.6 
-1156.8 -0043.1 -1167.3 
-1086.7 0039.8  -1165.5 
-1258.3 -0026.5 -1167.2 
-1133.4 0039.8  -1166.0 
-1172.4 0006.6  -1166.0 
-1086.7 -0026.5 -1165.4 
-1195.8 0006.6  -1165.7 
-1164.6 -0026.5 -1166.2 
-1227.0 0006.6  -1166.9 
-1063.3 -0043.1 -1166.4 
-1156.8 0023.2  -1165.8 
-1172.4 0023.2  -1165.4 
-1172.4 -0043.1 -1166.4 
-1227.0 -0009.9 -1167.4 
-1149.0 -0043.1 -1168.0 
-1195.8 0006.6  -1168.2 
-1156.8 0006.6  -1167.9 
-1219.2 -0026.5 -1169.1 
-1071.1 -0009.9 -1168.0 
-1172.4 -0059.7 -1169.3 
-1133.4 0006.6  -1168.7 
-1125.6 -0076.2 -1169.6 
-1203.6 -0009.9 -1170.2 
-1063.3 0023.2  -1168.4 
-1149.0 -0043.1 -1169.0 
-1078.9 0023.2  -1167.3 
-1188.0 -0043.1 -1168.5 
-1321.0 0006.6  -1170.3 
-1195.8 0006.6  -1170.5 
-1149.0 -0043.1 -1171.1 
-1156.8 -0009.9 -1171.1 
-1211.4 -0026.5 -1172.2 
-1133.4 -0009.9 -1171.8 
-1188.0 -0009.9 -1172.3 
-1242.7 -0026.5 -1173.7 
-1180.2 0006.6  -1173.7 
-1117.8 -0043.1 -1173.8 
-1078.9 -0043.1 -1173.4 
-1156.8 -0059.7 -1174.3 
-1133.4 0023.2  -1173.3 
-1156.8 0039.8  -1172.3 
-1110.0 -0009.9 -1171.7 
-1047.8 0039.8  -1169.3 
-1188.0 -0059.7 -1170.7 
-1117.8 0006.6  -1169.9 
-1102.2 -0009.9 -1169.2 
-1117.8 0006.6  -1168.4 
-1172.4 0023.2  -1168.0 
-1219.2 -0026.5 -1169.2 
-1133.4 0023.2  -1168.3 
-1203.6 -0009.9 -1168.9 
-1117.8 -0026.5 -1168.8 
-1110.0 0006.6  -1167.9 
-1195.8 -0043.1 -1169.1 
-1203.6 0023.2  -1169.1 
-1203.6 -0026.5 -1170.1 
-1203.6 0023.2  -1170.0 
-1156.8 -0026.5 -1170.4 
-1203.6 0006.6  -1170.7 
-1063.3 0039.8  -1168.5 
-1102.2 -0026.5 -1168.1 
-1211.4 0023.2  -1168.3 
-1102.2 -0026.5 -1167.9 
-1133.4 0023.2  -1167.0 
-1180.2 0023.2  -1166.7 
-1281.8 -0009.9 -1168.4 
-1156.8 -0009.9 -1168.5 
-1188.0 -0043.1 -1169.6 
-1297.5 -0009.9 -1171.5 
-1234.9 -0043.1 -1173.1 
-1195.8 0023.2  -1173.0 
-1164.6 0023.2  -1172.4 
-1164.6 -0026.5 -1172.8 
-1195.8 -0043.1 -1174.0 
-1125.6 -0026.5 -1173.9 
-1156.8 -0009.9 -1173.8 
-1063.3 -0009.9 -1172.6 
-1203.6 -0043.1 -1173.8 
-1094.5 0023.2  -1172.3 
-1195.8 -0026.5 -1173.2 
-1133.4 0006.6  -1172.5 
-1281.8 -0076.2 -1175.5 
-1125.6 -0009.9 -1175.0 
-1180.2 0006.6  -1174.9 
-1227.0 -0026.5 -1176.2 
-1133.4 -0009.9 -1175.8 
-1164.6 -0059.7 -1176.8 
-1180.2 0006.6  -1176.7 
-1133.4 0006.6  -1176.0 
-1141.2 -0059.7 -1176.7 
-1164.6 -0009.9 -1176.8 
-1063.3 -0043.1 -1176.1 
-1156.8 0006.6  -1175.8 
-1203.6 -0009.9 -1176.3 
-1188.0 0023.2  -1176.0 
-1141.2 0023.2  -1175.1 
-1195.8 -0059.7 -1176.5 
-1156.8 0023.2  -1175.8 
-1156.8 -0076.2 -1177.1 
-1164.6 0006.6  -1176.8 
-1180.2 0006.6  -1176.7 
-1180.2 -0026.5 -1177.3 
-1172.4 0023.2  -1176.7 
-1172.4 -0043.1 -1177.5 
-1203.6 0006.6  -1177.8 
-1149.0 -0043.1 -1178.2 
-1149.0 -0009.9 -1178.0 
-1149.0 0023.2  -1177.2 
-1203.6 -0009.9 -1177.7 
-1055.6 0039.8  -1175.3 
-1219.2 -0026.5 -1176.4 
-1172.4 0006.6  -1176.3 
-1172.4 0023.2  -1175.8 
-1149.0 -0026.5 -1175.9 
-1188.0 0023.2  -1175.6 
-1203.6 -0026.5 -1176.5 
-1250.5 0006.6  -1177.4 
-1133.4 -0026.5 -1177.3 
-1117.8 0039.8  -1175.7 
-1180.2 0023.2  -1175.3 
-1242.7 -0059.7 -1177.4 
-1078.9 0023.2  -1175.6 
-1149.0 -0026.5 -1175.8 
-1195.8 0006.6  -1176.0 
-1188.0 0023.2  -1175.7 
-1102.2 -0043.1 -1175.5 
-1211.4 0023.2  -1175.5 
-1188.0 -0026.5 -1176.2 
-1156.8 0006.6  -1175.8 
-1203.6 -0026.5 -1176.7 
-1156.8 0006.6  -1176.3 
-1156.8 0039.8  -1175.3 
-1141.2 -0059.7 -1176.0 
-1133.4 -0009.9 -1175.7 
-1164.6 -0026.5 -1176.0 
-1242.7 -0009.9 -1177.1 
-1156.8 0023.2  -1176.4 
-1188.0 -0026.5 -1177.1 
-1203.6 0023.2  -1177.0 
-1094.5 -0043.1 -1176.7 
-1266.2 -0026.5 -1178.4 
-1164.6 -0009.9 -1178.4 
-1211.4 0006.6  -1178.7 
-1117.8 0006.6  -1177.8 
-1219.2 -0059.7 -1179.5 
-1164.6 -0009.9 -1179.5 
-1156.8 -0009.9 -1179.4 
-1164.6 0039.8  -1178.4 
-1172.4 0039.8  -1177.6 
-1172.4 -0092.8 -1179.3 
-1188.0 0023.2  -1179.0 
-1188.0 -0059.7 -1180.3 
-1156.8 -0009.9 -1180.2 
-1188.0 -0026.5 -1180.8 
-1110.0 -0009.9 -1180.1 
-1117.8 0039.8  -1178.5 
-1203.6 -0043.1 -1179.7 
-1180.2 0039.8  -1178.9 
-1117.8 -0043.1 -1178.9 
-1125.6 0006.6  -1178.1 
-1102.2 0023.2  -1176.6 
-1102.2 -0009.9 -1175.8 
-1125.6 0023.2  -1174.7 
-1102.2 -0026.5 -1174.3 
-1219.2 0006.6  -1174.8 
-1117.8 0023.2  -1173.6 
-1125.6 0023.2  -1172.5 
-1180.2 0023.2  -1172.1 
-1219.2 -0009.9 -1172.9 
-1125.6 0023.2  -1171.8 
-1172.4 -0026.5 -1172.4 
-1195.8 0006.6  -1172.5 
-1117.8 0023.2  -1171.4 
-1094.5 -0043.1 -1171.2 
-1149.0 0006.6  -1170.8 
-1156.8 -0043.1 -1171.5 
-1133.4 0006.6  -1170.8 
-1141.2 -0009.9 -1170.6 
-1195.8 0023.2  -1170.5 
-1110.0 -0009.9 -1169.9 
-1125.6 -0026.5 -1169.8 
-1149.0 0006.6  -1169.4 
-1172.4 -0026.5 -1170.0 
-1289.7 0006.6  -1171.4 
-1141.2 0023.2  -1170.6 
-1133.4 -0009.9 -1170.3 
-1125.6 0023.2  -1169.2 
-1188.0 -0026.5 -1170.0 
-1250.5 0023.2  -1170.6 
-1203.6 -0059.7 -1172.2 
-1133.4 0006.6  -1171.6 
-1125.6 0006.6  -1170.8 
-1274.0 -0043.1 -1173.1 
-1141.2 0023.2  -1172.2 
-1125.6 -0059.7 -1172.7 
-1117.8 -0009.9 -1172.2 
-1086.7 -0009.9 -1171.3 
-1211.4 -0076.2 -1173.3 
-1102.2 0023.2  -1171.9 
-1172.4 -0043.1 -1172.8 
-1172.4 0039.8  -1172.0 
-1219.2 0023.2  -1172.2 
-1156.8 0023.2  -1171.5 
-1055.6 0039.8  -1169.2 
-1149.0 -0043.1 -1169.8 
-1110.0 -0009.9 -1169.2 
-1180.2 -0043.1 -1170.2 
-1110.0 -0009.9 -1169.6 
-1110.0 0023.2  -1168.3 
-1125.6 -0059.7 -1169.0 
-1125.6 0039.8  -1167.6 
-1078.9 -0043.1 -1167.3 
-1195.8 0006.6  -1167.5 
-1203.6 -0059.7 -1169.2 
-1149.0 0006.6  -1168.8 
-1094.5 0023.2  -1167.3 
-1125.6 -0026.5 -1167.3 
-1149.0 0072.9  -1165.6 
-1203.6 -0059.7 -1167.3 
-1086.7 0023.2  -1165.8 
-1047.8 0039.8  -1163.5 
-1188.0 -0026.5 -1164.3 
-1156.8 0006.6  -1164.1 
-1234.9 -0026.5 -1165.5 
-1180.2 0023.2  -1165.3 
-1219.2 -0026.5 -1166.5 
-1156.8 0006.6  -1166.2 
-1149.0 0006.6  -1165.9 
-1133.4 -0043.1 -1166.3 
-1125.6 0023.2  -1165.3 
-1164.6 -0043.1 -1166.2 
-1172.4 0023.2  -1165.8 
-1188.0 0023.2  -1165.6 
-1188.0 -0043.1 -1166.8 
-1071.1 0023.2  -1165.0 
-1188.0 -0026.5 -1165.9 
-1125.6 0023.2  -1164.9 
-1156.8 -0043.1 -1165.6 
-1211.4 0023.2  -1165.8 
-1133.4 0023.2  -1164.9 
-1188.0 -0026.5 -1165.7 
-1234.9 -0009.9 -1166.8 
-1125.6 -0043.1 -1167.1 
-1164.6 -0009.9 -1167.3 
-1149.0 0023.2  -1166.6 
-1188.0 -0043.1 -1167.7 
-1094.5 0006.6  -1166.6 
-1211.4 -0059.7 -1168.4 
-1156.8 -0009.9 -1168.4 
-1125.6 -0026.5 -1168.4 
-1141.2 -0026.5 -1168.6 
-1156.8 0023.2  -1167.9 
-1203.6 -0059.7 -1169.6 
-1180.2 0006.6  -1169.6 
-1117.8 -0026.5 -1169.4 
-1250.5 0023.2  -1170.1 
-1156.8 0023.2  -1169.4 
-1133.4 -0043.1 -1169.8 
-1164.6 0023.2  -1169.3 
-1156.8 -0026.5 -1169.6 
-1141.2 0006.6  -1169.1 
-1242.7 0039.8  -1169.3 
-1141.2 0039.8  -1168.1 
-1133.4 0023.2  -1167.2 
-1172.4 -0026.5 -1167.8 
-1242.7 0006.6  -1168.7 
-1149.0 -0026.5 -1168.9 
-1102.2 0023.2  -1167.6 
-1117.8 0023.2  -1166.5 
-1133.4 -0026.5 -1166.6 
-1180.2 0039.8  -1166.0 
-1141.2 -0026.5 -1166.2 
-1219.2 0023.2  -1166.4 
-1149.0 -0026.5 -1166.7 
-1203.6 0023.2  -1166.7 
-1125.6 0039.8  -1165.4 
-1133.4 -0026.5 -1165.5 
-1219.2 0023.2  -1165.8 
-1203.6 -0026.5 -1166.8 
-1266.2 0023.2  -1167.6 
-1156.8 0023.2  -1167.0 
-1172.4 -0076.2 -1168.6 
-1141.2 -0009.9 -1168.4 
-1094.5 -0009.9 -1167.7 
-1180.2 0006.6  -1167.7 
-1258.3 0006.6  -1168.8 
-1156.8 -0026.5 -1169.1 
-1094.5 0039.8  -1167.4 
-1086.7 -0026.5 -1166.8 
-1156.8 0023.2  -1166.2 
-1195.8 -0076.2 -1168.1 
-1110.0 0006.6  -1167.2 
-1180.2 0006.6  -1167.3 
-1063.3 -0026.5 -1166.4 
-1102.2 0039.8  -1164.8 
-1110.0 -0043.1 -1164.9 
-1195.8 0006.6  -1165.2 
-1156.8 -0059.7 -1166.3 
-1141.2 0023.2  -1165.5 
-1172.4 0006.6  -1165.4 
-1219.2 -0026.5 -1166.7 
-1180.2 0023.2  -1166.4 
-1149.0 -0059.7 -1167.3 
-1133.4 0006.6  -1166.8 
-1211.4 0006.6  -1167.2 
-1219.2 -0076.2 -1169.4 
-1117.8 0006.6  -1168.6 
-1110.0 -0043.1 -1168.7 
-1172.4 0006.6  -1168.6 
-1156.8 -0026.5 -1169.0 
-1141.2 0006.6  -1168.5 
-1125.6 0006.6  -1167.8 
-1266.2 -0059.7 -1170.2 
-1188.0 0039.8  -1169.7 
-1149.0 -0059.7 -1170.6 
-1110.0 0023.2  -1169.3 
-1203.6 0023.2  -1169.3 
-1156.8 -0026.5 -1169.7 
-1102.2 -0009.9 -1169.0 
-1203.6 -0043.1 -1170.3 
-1195.8 0006.6  -1170.5 
-1156.8 -0059.7 -1171.5 
-1141.2 -0009.9 -1171.3 
-1117.8 0039.8  -1169.8 
-1078.9 -0076.2 -1170.1 
-1141.2 0006.6  -1169.6 
-1164.6 -0026.5 -1170.1 
-1133.4 0006.6  -1169.5 
-1141.2 0023.2  -1168.6 
-1195.8 -0043.1 -1169.8 
-1149.0 0039.8  -1168.8 
-1195.8 -0026.5 -1169.7 
-1203.6 0023.2  -1169.6 
-1141.2 0023.2  -1168.8 
-1172.4 0006.6  -1168.7 
-1219.2 -0009.9 -1169.6 
-1211.4 -0026.5 -1170.7 
-1141.2 -0009.9 -1170.5 
-1086.7 -0043.1 -1170.2 
-1164.6 0023.2  -1169.7 
-1149.0 0056.3  -1168.3 
-1172.4 -0026.5 -1168.9 
-1071.1 0023.2  -1167.1 
-1234.9 -0059.7 -1169.2 
-1203.6 0023.2  -1169.2 
-1094.5 -0026.5 -1168.7 
-1219.2 -0009.9 -1169.6 
-1133.4 0039.8  -1168.3 
-1258.3 -0009.9 -1169.7 
-1164.6 0023.2  -1169.2 
-1133.4 -0043.1 -1169.6 
-1141.2 0006.6  -1169.1 
-1219.2 0023.2  -1169.3 
-1180.2 -0009.9 -1169.6 
-1094.5 0023.2  -1168.2 
-1133.4 -0059.7 -1168.9 
-1141.2 -0009.9 -1168.7 
-1141.2 0006.6  -1168.2 
-1195.8 -0009.9 -1168.8 
-1133.4 0006.6  -1168.2 
-1188.0 -0043.1 -1169.3 
-1102.2 0006.6  -1168.3 
-1117.8 -0009.9 -1167.8 
-1164.6 0023.2  -1167.3 
-1117.8 0023.2  -1166.2 
-1195.8 -0059.7 -1167.8 
-1156.8 0006.6  -1167.5 
-1180.2 -0043.1 -1168.5 
-1219.2 0006.6  -1169.0 
-1219.2 -0043.1 -1170.6 
-1141.2 0023.2  -1169.7 
-1063.3 0006.6  -1168.2 
-1125.6 -0026.5 -1168.1 
-1164.6 0023.2  -1167.6 
-1180.2 -0043.1 -1168.7 
-1188.0 0006.6  -1168.8 
-1211.4 0023.2  -1168.9 
-1133.4 -0026.5 -1168.9 
-1063.3 0039.8  -1166.8 
-1227.0 -0043.1 -1168.4 
-1195.8 0006.6  -1168.6 
-1172.4 0006.6  -1168.6 
-1156.8 0023.2  -1167.9 
-1141.2 0039.8  -1166.8 
-1242.7 -0026.5 -1168.3 
-1117.8 0006.6  -1167.5 
-1071.1 -0026.5 -1166.8 
-1258.3 0023.2  -1167.5 
-1203.6 -0026.5 -1168.5 
-1141.2 -0059.7 -1169.3 
-1156.8 0006.6  -1169.1 
-1117.8 -0043.1 -1169.2 
-1188.0 0023.2  -1169.0 
-1164.6 -0043.1 -1169.8 
-1195.8 0039.8  -1169.4 
-1149.0 0039.8  -1168.3 
-1188.0 -0026.5 -1169.1 
-1203.6 0006.6  -1169.4 
-1172.4 -0043.1 -1170.3 
-1219.2 0023.2  -1170.5 
-1188.0 0023.2  -1170.3 
-1117.8 -0009.9 -1169.8 
-1180.2 0023.2  -1169.4 
-1195.8 -0059.7 -1171.0 
-1149.0 0023.2  -1170.2 
-1211.4 -0026.5 -1171.3 
-1321.0 0006.6  -1173.1 
-1195.8 0023.2  -1173.0 
-1071.1 -0043.1 -1172.5 
-1086.7 0006.6  -1171.2 
-1250.5 -0026.5 -1172.8 
-1203.6 -0009.9 -1173.4 
-1102.2 0039.8  -1171.7 
-1172.4 -0043.1 -1172.5 
-1141.2 -0009.9 -1172.3 
-1063.3 -0009.9 -1171.1 
-1164.6 0023.2  -1170.5 
-1250.5 -0026.5 -1172.1 
-1125.6 0006.6  -1171.4 
-1211.4 0006.6  -1171.8 
-1094.5 -0043.1 -1171.6 
-0985.7 -0009.9 -1169.3 
-1055.6 -0043.1 -1168.7 
-1188.0 0006.6  -1168.8 
-1211.4 0023.2  -1168.9 
-1086.7 -0009.9 -1168.0 
-1102.2 0023.2  -1166.7 
-1156.8 -0059.7 -1167.8 
-1024.5 -0009.9 -1166.1 
-1110.0 0006.6  -1165.2 
-1188.0 0006.6  -1165.4 
-1188.0 -0009.9 -1165.9 
-1219.2 -0059.7 -1167.7 
-1141.2 0023.2  -1166.9 
-1055.6 -0026.5 -1166.0 
-1180.2 -0043.1 -1167.0 
-1117.8 0023.2  -1165.9 
-1219.2 -0026.5 -1167.2 
-1141.2 0023.2  -1166.4 
-1180.2 -0009.9 -1166.7 
-1203.6 0023.2  -1166.8 
-1195.8 -0009.9 -1167.3 
-1211.4 0006.6  -1167.8 
-1110.0 -0009.9 -1167.2 
-1180.2 -0026.5 -1167.9 
-1234.9 0023.2  -1168.3 
-1219.2 -0043.1 -1169.9 
-1078.9 0023.2  -1168.2 
-1195.8 0023.2  -1168.1 
-1180.2 -0009.9 -1168.5 
-1141.2 0023.2  -1167.6 
-1040.0 -0026.5 -1166.5 
-1149.0 0039.8  -1165.5 
-1258.3 0023.2  -1166.2 
-1063.3 0023.2  -1164.4 
-1125.6 0023.2  -1163.5 
-1195.8 -0059.7 -1165.1 
-1149.0 0006.6  -1164.7 
-1133.4 -0043.1 -1165.2 
-1117.8 0039.8  -1163.7 
-1071.1 0023.2  -1162.1 
-1117.8 -0009.9 -1161.7 
-1164.6 0006.6  -1161.6 
-1227.0 -0059.7 -1163.6 
-1188.0 -0026.5 -1164.5 
-1164.6 -0009.9 -1164.7 
-1164.6 -0026.5 -1165.2 
-1086.7 0006.6  -1164.0 
-1164.6 -0043.1 -1164.9 
-1125.6 0006.6  -1164.2 
-1164.6 -0026.5 -1164.8 
-1234.9 0023.2  -1165.2 
-1040.0 0006.6  -1163.5 
-1164.6 -0076.2 -1165.0 
-1063.3 0006.6  -1163.5 
-1117.8 -0043.1 -1163.8 
-1234.9 0023.2  -1164.2 
-1172.4 0023.2  -1163.9 
-1219.2 -0009.9 -1164.8 
-1055.6 0023.2  -1162.9 
-1188.0 -0043.1 -1164.1 
-1141.2 0039.8  -1163.0 
-1156.8 -0076.2 -1164.4 
-1110.0 0023.2  -1163.3 
-1102.2 0023.2  -1162.0 
-1172.4 -0043.1 -1163.0 
-1133.4 0006.6  -1162.5 
-1117.8 -0043.1 -1162.7 
-1258.3 0006.6  -1163.9 
-1133.4 0039.8  -1162.7 
-1227.0 0023.2  -1163.1 
-1156.8 0023.2  -1162.5 
-1133.4 -0026.5 -1162.7 
-1156.8 0056.3  -1161.5 
-1172.4 -0026.5 -1162.1 
-1180.2 0006.6  -1162.2 
-1172.4 0006.6  -1162.2 
-1211.4 -0026.5 -1163.4 
-1164.6 0023.2  -1163.0 
-1133.4 -0043.1 -1163.4 
-1164.6 0039.8  -1162.7 
-1180.2 -0026.5 -1163.4 
-1164.6 0039.8  -1162.6 
-1086.7 0023.2  -1161.2 
-1313.2 -0059.7 -1164.4 
-1117.8 0039.8  -1163.0 
-1250.5 -0026.5 -1164.6 
-1211.4 -0026.5 -1165.8 
-1055.6 0056.3  -1163.2 
-1141.2 -0026.5 -1163.4 
-1141.2 0006.6  -1163.0 
-1149.0 -0043.1 -1163.7 
-1211.4 0006.6  -1164.2 
-1164.6 0023.2  -1163.7 
-1188.0 0006.6  -1163.9 
-1188.0 0039.8  -1163.5 
-1156.8 -0009.9 -1163.6 
-1203.6 0006.6  -1164.0 
-1133.4 -0043.1 -1164.4 
-1180.2 -0009.9 -1164.8 
-1125.6 0006.6  -1164.2 
-1133.4 -0059.7 -1164.9 
-1094.5 0039.8  -1163.2 
-1188.0 0006.6  -1163.4 
-1094.5 -0009.9 -1162.7 
-1094.5 0006.6  -1161.7 
-1141.2 -0009.9 -1161.6 
-1188.0 0006.6  -1161.8 
-1180.2 -0059.7 -1163.2 
-1102.2 0006.6  -1162.3 
-1063.3 -0043.1 -1161.9 
-1149.0 -0009.9 -1161.9 
-1164.6 0006.6  -1161.8 
-1078.9 -0043.1 -1161.5 
-1102.2 0006.6  -1160.6 
-1164.6 -0059.7 -1161.9 
-1188.0 -0009.9 -1162.4 
-1172.4 -0026.5 -1163.1 
-1133.4 0039.8  -1161.9 
-1133.4 0023.2  -1161.1 
-1195.8 -0043.1 -1162.4 
-1211.4 -0026.5 -1163.5 
-1094.5 -0043.1 -1163.5 
-1125.6 0006.6  -1162.8 
-1164.6 0023.2  -1162.4 
-1266.2 -0043.1 -1164.6 
-1133.4 0056.3  -1163.1 
-1149.0 -0026.5 -1163.4 
-1219.2 0006.6  -1164.0 
-1164.6 -0043.1 -1164.9 
-1156.8 -0026.5 -1165.3 
-1172.4 0023.2  -1164.9 
-1141.2 -0026.5 -1165.2 
-1141.2 0056.3  -1163.7 
-1125.6 -0059.7 -1164.4 
-1203.6 0023.2  -1164.5 
-1110.0 0023.2  -1163.3 
-1227.0 0023.2  -1163.7 
-1141.2 0023.2  -1162.9 
-1156.8 -0043.1 -1163.7 
-1102.2 0006.6  -1162.7 
-1117.8 -0043.1 -1163.0 
-1156.8 0023.2  -1162.5 
-1071.1 0006.6  -1161.1 
-1102.2 -0043.1 -1161.2 
-1125.6 -0009.9 -1160.9 
-1110.0 -0043.1 -1161.1 
-1172.4 0006.6  -1161.1 
-1164.6 0023.2  -1160.7 
-1180.2 -0026.5 -1161.5 
-1156.8 0039.8  -1160.7 
-1258.3 -0076.2 -1163.4 
-1110.0 0006.6  -1162.6 
-1141.2 0006.6  -1162.2 
-1141.2 0006.6  -1161.8 
-1211.4 0006.6  -1162.3 
-1102.2 -0043.1 -1162.4 
-1242.7 0023.2  -1163.0 
-1133.4 -0043.1 -1163.4 
-1156.8 0006.6  -1163.2 
-1164.6 0006.6  -1163.1 
-1149.0 -0043.1 -1163.8 
-1180.2 -0009.9 -1164.2 
-1156.8 -0059.7 -1165.3 
-1227.0 0006.6  -1165.9 
-1078.9 0023.2  -1164.3 
-1203.6 -0009.9 -1165.0 
-1188.0 0023.2  -1164.9 
-1102.2 -0043.1 -1164.9 
-1188.0 0006.6  -1165.1 
-1227.0 -0043.1 -1166.8 
-1195.8 0006.6  -1167.0 
-1219.2 0023.2  -1167.2 
-1094.5 -0026.5 -1166.8 
-1133.4 0006.6  -1166.2 
-1149.0 -0059.7 -1167.2 
-1180.2 -0009.9 -1167.6 
-1219.2 -0043.1 -1169.1 
-1102.2 0023.2  -1167.7 
-1125.6 0023.2  -1166.7 
-1149.0 -0076.2 -1168.0 
-1133.4 0039.8  -1166.8 
-1266.2 -0026.5 -1168.6 
-1164.6 0006.6  -1168.4 
-1094.5 0006.6  -1167.3 
-1156.8 -0076.2 -1168.7 
-1141.2 0023.2  -1167.9 
-1195.8 -0009.9 -1168.4 
-1195.8 0039.8  -1168.0 
-1188.0 -0009.9 -1168.4 
-1164.6 0023.2  -1167.9 
-1195.8 0023.2  -1167.8 
-1133.4 -0026.5 -1167.9 
-1227.0 -0009.9 -1168.9 
-1195.8 -0026.5 -1169.8 
-1188.0 0006.6  -1169.9 
-1117.8 0023.2  -1168.7 
-1141.2 -0043.1 -1169.2 
-1094.5 -0009.9 -1168.4 
-1086.7 -0026.5 -1167.9 
-1195.8 0006.6  -1168.1 
-1156.8 0039.8  -1167.2 
-1172.4 0023.2  -1166.8 
-1125.6 0023.2  -1165.8 
-1195.8 -0026.5 -1166.7 
-1032.3 0023.2  -1164.5 
-1172.4 -0043.1 -1165.4 
-1164.6 -0009.9 -1165.6 
-1110.0 0006.6  -1164.8 
-1141.2 -0026.5 -1165.0 
-1102.2 0072.9  -1162.7 
-1156.8 -0043.1 -1163.5 
-1117.8 0023.2  -1162.4 
-1133.4 -0059.7 -1163.2 
-1203.6 0023.2  -1163.3 
-1164.6 0023.2  -1162.9 
-1156.8 -0026.5 -1163.3 
-1110.0 0006.6  -1162.5 
-1047.8 -0026.5 -1161.5 
-1125.6 0006.6  -1160.9 
-1063.3 0006.6  -1159.5 
-1125.6 -0059.7 -1160.2 
-1227.0 0023.2  -1160.6 
-1094.5 -0059.7 -1160.9 
-1094.5 0023.2  -1159.6 
-1258.3 0039.8  -1160.1 
-1219.2 0023.2  -1160.4 
-1071.1 0023.2  -1158.8 
-1203.6 -0043.1 -1160.2 
-1156.8 -0009.9 -1160.4 
-1211.4 -0026.5 -1161.6 
-1055.6 0023.2  -1159.7 
-1016.7 0023.2  -1157.4 
-1141.2 -0059.7 -1158.3 
-1203.6 0039.8  -1158.2 
-1180.2 -0043.1 -1159.3 
-1172.4 0006.6  -1159.3 
-1203.6 -0043.1 -1160.8 
-1156.8 -0009.9 -1160.9 
-1188.0 -0009.9 -1161.5 
-1156.8 -0043.1 -1162.3 
-1156.8 0039.8  -1161.4 
-1211.4 -0026.5 -1162.6 
-1195.8 0023.2  -1162.6 
-1094.5 0023.2  -1161.2 
-1211.4 -0026.5 -1162.4 
-1110.0 0023.2  -1161.2 
-1156.8 -0059.7 -1162.4 
-1164.6 0006.6  -1162.3 
-1195.8 0039.8  -1161.9 
-1258.3 0023.2  -1162.7 
-1086.7 0006.6  -1161.6 
-1180.2 -0026.5 -1162.4 
-1125.6 0006.6  -1161.7 
-1172.4 -0043.1 -1162.7 
-1125.6 0006.6  -1162.1 
-1149.0 0056.3  -1160.8 
-1172.4 -0026.5 -1161.5 
-1149.0 0006.6  -1161.2 
-1211.4 -0059.7 -1163.1 
-1156.8 0023.2  -1162.5 
-1172.4 0006.6  -1162.5 
-1219.2 0023.2  -1162.8 
-1258.3 0006.6  -1163.9 
-1227.0 -0009.9 -1164.9 
-1164.6 0072.9  -1163.5 
-1141.2 -0059.7 -1164.4 
-1188.0 -0009.9 -1164.9 
-1180.2 0023.2  -1164.6 
-1258.3 -0043.1 -1166.7 
-1117.8 0023.2  -1165.6 
-1188.0 -0043.1 -1166.8 
-1102.2 -0009.9 -1166.1 
-1156.8 -0043.1 -1166.8 
-1156.8 -0009.9 -1166.9 
-1133.4 0006.6  -1166.3 
-1125.6 -0043.1 -1166.6 
-1133.4 0006.6  -1166.1 
-1063.3 -0026.5 -1165.3 
-1180.2 0023.2  -1165.0 
-1117.8 0006.6  -1164.2 
-1125.6 -0026.5 -1164.3 
-1125.6 0006.6  -1163.6 
-1180.2 -0059.7 -1165.0 
-1180.2 0006.6  -1165.1 
-1156.8 -0059.7 -1166.1 
-1172.4 0039.8  -1165.4 
-1234.9 0006.6  -1166.2 
-1117.8 -0043.1 -1166.4 
-1125.6 0023.2  -1165.4 
-1172.4 -0009.9 -1165.7 
-1133.4 -0043.1 -1166.2 
-1094.5 0023.2  -1164.8 
-1188.0 -0026.5 -1165.6 
-1164.6 0056.3  -1164.5 
-1188.0 -0059.7 -1165.9 
-1203.6 0006.6  -1166.3 
-1094.5 0023.2  -1164.9 
-1203.6 0023.2  -1165.0 
-1172.4 0039.8  -1164.3 
-1180.2 -0026.5 -1165.0 
-1040.0 0023.2  -1162.9 
-1102.2 -0026.5 -1162.6 
-1250.5 0039.8  -1163.0 
-1078.9 0023.2  -1161.4 
-1172.4 -0043.1 -1162.4 
-1094.5 0023.2  -1161.1 
-1164.6 -0026.5 -1161.6 
-1188.0 0023.2  -1161.5 
-1110.0 -0026.5 -1161.4 
-1242.7 0023.2  -1162.0 
-1086.7 0056.3  -1159.9 
-1117.8 -0043.1 -1160.2 
-1141.2 0006.6  -1159.8 
-1125.6 -0043.1 -1160.2 
-1156.8 0006.6  -1160.0 
-1172.4 0023.2  -1159.7 
-1172.4 -0009.9 -1160.1 
-1149.0 0039.8  -1159.2 
-1219.2 -0043.1 -1160.8 
-1274.0 -0026.5 -1162.8 
-1188.0 -0059.7 -1164.3 
-1188.0 0023.2  -1164.2 
-1141.2 0023.2  -1163.4 
-1055.6 -0026.5 -1162.5 
-1149.0 -0009.9 -1162.5 
-1117.8 -0043.1 -1162.8 
-1141.2 -0009.9 -1162.7 
-1156.8 0056.3  -1161.5 
-1149.0 -0059.7 -1162.5 
-1047.8 0023.2  -1160.6 
-1117.8 -0026.5 -1160.5 
-1211.4 0023.2  -1160.7 
-1149.0 0023.2  -1160.1 
-1156.8 -0009.9 -1160.3 
-1133.4 0006.6  -1159.8 
-1211.4 -0059.7 -1161.7 
-1156.8 0039.8  -1160.8 
-1188.0 -0043.1 -1162.0 
-1195.8 0006.6  -1162.3 
-1188.0 0006.6  -1162.5 
-1094.5 -0076.2 -1163.1 
-1219.2 0023.2  -1163.4 
-1094.5 -0026.5 -1163.0 
-1274.0 -0009.9 -1164.7 
-1110.0 0006.6  -1163.8 
-1227.0 0006.6  -1164.5 
-1149.0 0039.8  -1163.6 
-1188.0 -0026.5 -1164.4 
-1133.4 0023.2  -1163.5 
-1180.2 -0043.1 -1164.6 
-1133.4 0006.6  -1164.1 
-1164.6 0006.6  -1163.9 
-1164.6 -0026.5 -1164.5 
-1094.5 0039.8  -1162.8 
-1164.6 -0026.5 -1163.3 
-1156.8 0023.2  -1162.8 
-1156.8 -0043.1 -1163.5 
-1141.2 0023.2  -1162.8 
-1094.5 0023.2  -1161.4 
-1172.4 -0043.1 -1162.4 
-1156.8 0006.6  -1162.2 
-1141.2 -0043.1 -1162.8 
-1234.9 0006.6  -1163.6 
-1203.6 0023.2  -1163.7 
-1281.8 -0043.1 -1166.1 
-1219.2 0023.2  -1166.3 
-1188.0 -0043.1 -1167.5 
-1227.0 0023.2  -1167.8 
-1180.2 -0026.5 -1168.5 
-1180.2 0023.2  -1168.2 
-1211.4 0023.2  -1168.3 
-1172.4 -0043.1 -1169.2 
-1149.0 0023.2  -1168.5 
-1110.0 -0043.1 -1168.5 
-1203.6 -0009.9 -1169.2 
-1149.0 0006.6  -1168.8 
-1172.4 -0026.5 -1169.4 
-1117.8 0006.6  -1168.6 
-1102.2 -0059.7 -1168.9 
-1149.0 0006.6  -1168.5 
-1110.0 0006.6  -1167.6 
-1117.8 -0026.5 -1167.4 
-1180.2 0023.2  -1167.1 
-1141.2 -0059.7 -1168.0 
-1149.0 0039.8  -1167.0 
-1172.4 -0043.1 -1167.9 
-1203.6 0023.2  -1167.9 
-1164.6 0006.6  -1167.7 
-1141.2 -0026.5 -1167.9 
-1125.6 0006.6  -1167.2 
-1203.6 -0043.1 -1168.5 
-1125.6 -0009.9 -1168.2 
-1172.4 0039.8  -1167.4 
-1227.0 -0009.9 -1168.4 
-1172.4 0006.6  -1168.3 
-1203.6 -0026.5 -1169.3 
-1180.2 0023.2  -1169.0 
-1094.5 -0043.1 -1168.9 
-1149.0 -0043.1 -1169.5 
-1133.4 0039.8  -1168.2 
-1203.6 -0026.5 -1169.2 
-1164.6 0023.2  -1168.7 
-1211.4 -0043.1 -1170.1 
-1172.4 0023.2  -1169.7 
-1164.6 -0026.5 -1170.1 
-1195.8 -0009.9 -1170.6 
-1078.9 0023.2  -1169.0 
-1227.0 -0009.9 -1169.9 
-1133.4 0023.2  -1169.0 
-1258.3 -0026.5 -1170.7 
-1195.8 0006.6  -1170.9 
-1156.8 0023.2  -1170.3 
-1164.6 -0076.2 -1171.7 
-1133.4 0006.6  -1171.1 
-1156.8 -0026.5 -1171.4 
-1172.4 0056.3  -1170.3 
-1110.0 -0026.5 -1170.0 
-1211.4 -0009.9 -1170.8 
-1125.6 0039.8  -1169.4 
-1117.8 -0026.5 -1169.2 
-1180.2 0006.6  -1169.2 
-1195.8 -0043.1 -1170.4 
-1188.0 0023.2  -1170.2 
-1156.8 0023.2  -1169.6 
-1203.6 0006.6  -1169.9 
-1133.4 0023.2  -1169.0 
-1156.8 -0059.7 -1170.0 
-1172.4 0006.6  -1169.9 
-1172.4 -0043.1 -1170.8 
-1141.2 0039.8  -1169.6 
-1203.6 0023.2  -1169.6 
-1172.4 -0043.1 -1170.5 
-1195.8 0006.6  -1170.7 
-1172.4 -0043.1 -1171.5 
-1156.8 0006.6  -1171.2 
-1125.6 0006.6  -1170.5 
-1133.4 -0059.7 -1171.2 
-1195.8 0039.8  -1170.7 
-1102.2 -0059.7 -1171.0 
-1133.4 0006.6  -1170.4 
-1125.6 -0009.9 -1170.0 
-1180.2 0006.6  -1170.0 
-1125.6 0006.6  -1169.3 
-1203.6 -0043.1 -1170.6 
-1125.6 -0009.9 -1170.2 
-1133.4 -0059.7 -1170.9 
-1156.8 -0009.9 -1170.9 
-1149.0 0023.2  -1170.1 
-1211.4 -0059.7 -1171.8 
-1172.4 0006.6  -1171.7 
-1141.2 -0059.7 -1172.5 
-1203.6 0023.2  -1172.4 
-1149.0 -0059.7 -1173.3 
-1047.8 0023.2  -1171.2 
-1102.2 0039.8  -1169.5 
-1281.8 -0026.5 -1171.5 
-1211.4 0006.6  -1171.9 
-1110.0 -0043.1 -1171.9 
-1156.8 -0009.9 -1171.9 
-1110.0 -0009.9 -1171.3 
-1219.2 -0026.5 -1172.5 
-1117.8 0023.2  -1171.3 
-1242.7 -0026.5 -1172.8 
-1156.8 -0009.9 -1172.7 
-1149.0 -0043.1 -1173.3 
-1055.6 -0009.9 -1171.9 
-1164.6 0006.6  -1171.7 
-1094.5 -0026.5 -1171.2 
-1078.9 0023.2  -1169.5 
-1149.0 -0009.9 -1169.5 
-1219.2 0006.6  -1170.0 
-1266.2 0006.6  -1171.1 
-1219.2 -0043.1 -1172.6 
-1211.4 0039.8  -1172.3 
-1164.6 -0043.1 -1173.1 
-1219.2 0023.2  -1173.2 
-1149.0 0006.6  -1172.8 
-1149.0 0006.6  -1172.3 
-1047.8 0023.2  -1170.2 
-1156.8 -0009.9 -1170.3 
-1141.2 0006.6  -1169.7 
-1156.8 -0059.7 -1170.8 
-1203.6 0006.6  -1171.1 
-1164.6 0023.2  -1170.5 
-1141.2 -0026.5 -1170.6 
-1180.2 0006.6  -1170.6 
-1164.6 -0043.1 -1171.4 
-1164.6 0023.2  -1170.9 
-1094.5 0006.6  -1169.7 
-1203.6 0006.6  -1170.0 
-1125.6 0006.6  -1169.3 
-1195.8 -0026.5 -1170.2 
-1164.6 0072.9  -1168.7 
-1149.0 -0026.5 -1168.9 
-1117.8 0006.6  -1168.1 
-1117.8 0006.6  -1167.4 
-1172.4 -0026.5 -1167.9 
-1078.9 0023.2  -1166.3 
-1227.0 -0026.5 -1167.6 
-1133.4 -0009.9 -1167.4 
-1211.4 -0043.1 -1168.8 
-1094.5 0006.6  -1167.7 
-1117.8 -0009.9 -1167.2 
-1086.7 -0059.7 -1167.4 
-1188.0 0023.2  -1167.2 
-1156.8 -0026.5 -1167.6 
-1227.0 0023.2  -1167.9 
-1125.6 0023.2  -1166.9 
-1102.2 -0026.5 -1166.5 
-1078.9 0039.8  -1164.6 
-1203.6 -0076.2 -1166.6 
-1203.6 0006.6  -1167.0 
-1242.7 -0043.1 -1168.8 
-1250.5 0006.6  -1169.8 
-1188.0 0023.2  -1169.5 
-1188.0 -0043.1 -1170.6 
-1188.0 0039.8  -1170.1 
-1180.2 -0043.1 -1171.1 
-1164.6 -0009.9 -1171.2 
-1149.0 0023.2  -1170.4 
-1117.8 -0026.5 -1170.3 
-1172.4 0023.2  -1169.8 
-1227.0 -0026.5 -1171.1 
-1180.2 0006.6  -1171.1 
-1110.0 -0026.5 -1170.8 
-1149.0 0023.2  -1170.1 
-1117.8 0006.6  -1169.2 
-1203.6 -0043.1 -1170.6 
-1227.0 0023.2  -1170.8 
-1125.6 -0043.1 -1171.1 
-1156.8 0006.6  -1170.8 
-1102.2 0023.2  -1169.4 
-1227.0 -0026.5 -1170.7 
-1188.0 -0009.9 -1171.1 
-1203.6 -0026.5 -1172.1 
-1141.2 -0009.9 -1171.9 
-1117.8 0023.2  -1170.7 
-1258.3 0023.2  -1171.4 
-1117.8 0039.8  -1169.9 
-1164.6 -0026.5 -1170.3 
-1172.4 0023.2  -1169.9 
-1164.6 -0026.5 -1170.4 
-1164.6 -0009.9 -1170.5 
-1141.2 0039.8  -1169.3 
-1172.4 -0026.5 -1169.9 
-1110.0 0039.8  -1168.3 
-1180.2 -0026.5 -1169.0 
-1110.0 0023.2  -1167.8 
-1164.6 -0076.2 -1169.2 
-1164.6 -0009.9 -1169.4 
-1149.0 0006.6  -1169.0 
-1133.4 -0026.5 -1169.0 
-1219.2 0006.6  -1169.5 
-1211.4 -0043.1 -1170.9 
-1219.2 -0009.9 -1171.8 
-1180.2 0006.6  -1171.8 
-1266.2 -0059.7 -1174.2 
-1149.0 -0009.9 -1174.0 
-1274.0 -0043.1 -1176.2 
-1203.6 0039.8  -1175.8 
-1133.4 -0026.5 -1175.7 
-1250.5 0023.2  -1176.3 
-1125.6 0023.2  -1175.1 
-1133.4 -0026.5 -1175.1 
-1086.7 0056.3  -1172.8 
-1164.6 -0126.0 -1175.2 
-1195.8 0023.2  -1175.0 
-1141.2 0023.2  -1174.1 
-1195.8 -0092.8 -1176.2 
-1125.6 0039.8  -1174.8 
-1149.0 -0043.1 -1175.3 
-1219.2 -0009.9 -1176.1 
-1156.8 0039.8  -1175.0 
-1180.2 -0059.7 -1176.3 
-1195.8 0039.8  -1175.8 
-1102.2 -0043.1 -1175.6 
-1141.2 0023.2  -1174.7 
-1156.8 -0043.1 -1175.3 
-1242.7 0006.6  -1176.1 
-1071.1 0039.8  -1173.9 
-1164.6 0023.2  -1173.4 
-1180.2 0023.2  -1173.0 
-1258.3 -0009.9 -1174.3 
-1313.2 0056.3  -1175.0 
-1266.2 0089.5  -1174.4 
-1219.2 0072.9  -1173.6 
-1227.0 0072.9  -1172.9 
-1188.0 0023.2  -1172.6 
-1250.5 0106.1  -1171.5 
-1156.8 0072.9  -1169.9 
-1110.0 0072.9  -1167.7 
-1009.0 0106.1  -1163.5 
-1141.2 0023.2  -1162.7 
-1009.0 0089.5  -1158.9 
-1009.0 -0009.9 -1157.2 
-0861.9 -0009.9 -1153.5 
-0869.6 -0092.8 -1151.6 
-0939.2 -0126.0 -1151.3 
-1047.8 -0126.0 -1152.4 
-1032.3 -0192.3 -1154.6 
-1117.8 -0159.2 -1157.3 
-1117.8 -0225.5 -1161.2 
-1125.6 -0142.6 -1163.5 
-1211.4 -0109.4 -1166.3 
-1258.3 -0142.6 -1170.4 
-1258.3 -0043.1 -1172.4 
-1391.8 -0026.5 -1175.8 
-1399.6 0023.2  -1178.3 
-1376.0 0006.6  -1180.7 
-1383.9 0106.1  -1181.3 
-1439.0 0122.7  -1182.3 
-1383.9 0072.9  -1183.5 
-1281.8 0172.4  -1181.4 
-1328.9 0155.8  -1180.3 
-1313.2 0205.6  -1177.9 
-1149.0 0172.4  -1174.2 
-1071.1 0089.5  -1171.0 
-1024.5 0139.3  -1166.4 
-2170.7 -0175.7 -1183.0 
-1526.0 0106.1  -1185.5 
-0954.7 0056.3  -1181.3 
-1990.9 0056.3  -1190.8 
-1502.2 0189.0  -1191.2 
-0692.2 0122.7  -1182.2 
-0838.7 -0059.7 -1178.9 
-0931.5 -0192.3 -1179.4 
-1040.0 -0242.1 -1182.4 
-2220.1 -0308.4 -1202.1 
-0985.7 -0009.9 -1199.5 
-1063.3 -0009.9 -1197.9 
-2845.9 -0043.1 -1220.4 
-1055.6 0288.5  -1212.5 
-1344.6 0172.4  -1210.9 
-1439.0 0205.6  -1209.8 
-1383.9 0205.6  -1208.0 
-1950.3 0056.3  -1216.7 
-1589.4 0205.6  -1217.5 
-1494.3 0155.8  -1218.1 
-1756.9 0255.3  -1220.2 
-1692.9 0305.1  -1220.3 
-1391.8 0271.9  -1217.2 
-1431.1 0288.5  -1214.4 
-1486.4 0288.5  -1212.2 
-1478.5 0305.1  -1209.7 
-1423.3 0255.3  -1207.5 
-1071.1 0271.9  -1200.3 
-1094.5 0271.9  -1193.6 
-1305.3 0122.7  -1192.6 
-1024.5 0172.4  -1187.0 
-1117.8 0039.8  -1185.3 
-1040.0 0039.8  -1182.6 
-1009.0 0023.2  -1179.9 
-0784.7 -0026.5 -1175.2 
-1032.3 -0076.2 -1174.8 
-1258.3 -0192.3 -1179.7 
-1032.3 -0076.2 -1179.3 
-1063.3 -0142.6 -1180.6 
-0978.0 -0043.1 -1178.7 
-0792.4 -0059.7 -1174.8 
-1597.3 -0208.9 -1184.5 
-0931.5 -0076.2 -1182.7 
-0415.9 -0092.8 -1174.4 
-1227.0 -0275.2 -1180.6 
-1211.4 -0208.9 -1185.1 
-1086.7 -0242.1 -1188.6 
-1094.5 -0258.7 -1192.5 
-1597.3 -0175.7 -1201.2 
-1336.7 0172.4  -1199.6 
-0155.8 0023.2  -1185.4 
-2924.4 0056.3  -1207.2 
-0239.9 0371.4  -1187.1 
-1446.9 0189.0  -1186.8 
-1211.4 0354.8  -1180.1 
-0978.0 0421.2  -1169.2 
-0947.0 0487.5  -1156.6 
-1242.7 0504.1  -1147.8 
-0446.5 0570.4  -1127.3 
-0530.9 0553.8  -1108.5 
-1266.2 0437.8  -1102.0 
-0978.0 0520.7  -1090.1 
-0278.1 0603.6  -1067.5 
-0746.1 0487.5  -1053.6 
-0546.2 0504.1  -1037.0 
-0530.9 0354.8  -1023.3 
-0761.6 0271.9  -1014.5 
-0885.1 0139.3  -1010.1 
-1024.5 0189.0  -1006.5 
-1032.3 0155.8  -1003.8 
-1133.4 0155.8  -1002.4 
-0962.5 0255.3  -0996.9 
-0630.7 0238.8  -0987.3 
-0431.2 0039.8  -0979.2 
-1700.9 0155.8  -0985.6 
0363.8  0288.5  -0962.2 
-1328.9 0139.3  -0964.3 
-0916.0 0255.3  -0958.6 
-0623.0 0371.4  -0946.8 
-0730.7 0288.5  -0938.3 
-0600.0 0371.4  -0926.5 
-1289.7 0371.4  -0924.0 
0440.4  0504.1  -0896.1 
-1117.8 0404.6  -0891.0 
0165.0  0504.1  -0867.1 
-0247.5 0487.5  -0849.4 
-0646.1 0354.8  -0839.7 
-0117.6 0487.5  -0820.6 
-0278.1 0421.2  -0805.1 
0295.0  0388.0  -0783.0 
-0308.7 0271.9  -0771.4 
-0362.3 0205.6  -0761.9 
0157.3  0238.8  -0745.1 
-0217.0 0155.8  -0735.1 
-0186.4 0122.7  -0725.5 
-0102.3 0122.7  -0714.8 
0073.3  0006.6  -0704.3 
0080.9  0056.3  -0692.9 
0012.2  0006.6  -0683.5 
-0003.0 0023.2  -0674.1 
0134.4  0006.6  -0663.3 
0073.3  -0009.9 -0653.8 
0019.8  0039.8  -0644.2 
0111.5  0023.2  -0633.8 
0065.7  0056.3  -0623.4 
0119.1  0072.9  -0612.2 
0218.5  0006.6  -0601.2 
0126.8  0072.9  -0590.2 
0295.0  0023.2  -0578.0 
0333.2  0023.2  -0565.6 
0302.6  -0009.9 -0554.4 
0394.5  0056.3  -0540.8 
0509.4  0056.3  -0525.8 
0586.2  -0009.9 -0511.4 
0463.4  0039.8  -0497.8 
0555.4  -0026.5 -0484.5 
0570.8  0023.2  -0470.1 
0501.7  0023.2  -0456.9 
0432.8  -0009.9 -0445.4 
0563.1  0072.9  -0430.7 
0517.1  0023.2  -0417.7 
0532.4  0072.9  -0403.8 
0540.1  0056.3  -0390.3 
0425.1  0139.3  -0376.8 
0639.9  0155.8  -0360.3 
0686.1  0139.3  -0343.8 
0740.0  0205.6  -0325.5 
0871.1  0155.8  -0306.7 
0971.8  0172.4  -0286.4 
1018.3  0155.8  -0266.2 
1314.7  0023.2  -0244.9 
1267.7  0106.1  -0222.9 
1354.0  0006.6  -0202.1 
1338.3  -0009.9 -0182.0 
1448.5  -0092.8 -0162.4 
1393.3  -0109.4 -0144.1 
1519.6  -0142.6 -0125.0 
1440.6  -0208.9 -0108.5 
1488.0  -0192.3 -0091.3 
1377.6  -0258.7 -0077.1 
1314.7  -0208.9 -0062.9 
1213.0  -0175.7 -0049.6 
1134.9  -0175.7 -0037.5 
1111.6  -0059.7 -0023.5 
1041.6  -0043.1 -0010.4 
1150.5  0056.3  0005.9  
1244.2  0039.8  0023.0  
1385.5  0106.1  0043.0  
1575.1  0122.7  0065.6  
1806.7  0039.8  0089.3  
1393.3  -0026.5 0105.9  
1863.0  -0076.2 0127.5  
1992.5  -0142.6 0149.3  
1984.4  -0208.9 0169.3  
2172.3  -0325.0 0189.2  
2172.3  -0341.6 0208.6  
1879.1  -0490.8 0220.9  
2114.9  -0457.7 0236.7  
2505.3  -0490.8 0256.9  
2312.8  -0524.0 0273.6  
2065.8  -0524.0 0286.8  
2287.9  -0540.6 0302.5  
1951.9  -0457.7 0315.2  
1887.2  -0457.7 0326.8  
1734.5  -0391.3 0337.6  
1718.5  -0325.0 0349.4  
1535.5  -0341.6 0358.2  
1694.5  -0208.9 0371.7  
1790.6  -0225.5 0385.9  
1863.0  -0142.6 0402.5  
1992.5  -0175.7 0420.0  
1887.2  -0059.7 0438.1  
1903.4  -0059.7 0456.2  
1895.3  -0126.0 0472.6  
2000.6  -0076.2 0491.2  
1968.2  -0142.6 0507.9  
1992.5  -0076.2 0525.9  
1830.8  -0043.1 0542.2  
1846.9  -0092.8 0557.5  
1871.1  -0009.9 0574.6  
1943.8  -0009.9 0592.4  
1960.0  0072.9  0611.9  
1903.4  0072.9  0630.3  
1879.1  0056.3  0647.8  
1838.8  0122.7  0665.9  
1846.9  0106.1  0683.6  
2065.8  0222.2  0706.1  
1976.3  0139.3  0725.6  
2131.3  0205.6  0748.1  
2172.3  0189.0  0770.6  
2354.4  0139.3  0794.2  
2404.5  0122.7  0817.8  
2362.8  0056.3  0839.3  
2438.0  0056.3  0861.4  
2675.2  -0043.1 0884.4  
2581.4  -0059.7 0905.6  
2496.9  -0092.8 0924.7  
2505.3  -0192.3 0941.7  
2658.1  -0175.7 0960.8  
2547.6  -0258.7 0976.5  
2573.0  -0208.9 0993.4  
2421.3  -0208.9 1008.1  
2454.8  -0175.7 1023.6  
2564.5  -0043.1 1043.1  
2263.1  -0208.9 1055.0  
2404.5  -0059.7 1071.6  
2396.2  -0059.7 1087.8  
2271.4  -0076.2 1101.9  
2421.3  -0009.9 1119.0  
2505.3  -0026.5 1136.8  
2471.6  0039.8  1155.1  
2598.4  0006.6  1174.2  
2692.3  -0009.9 1194.0  
2683.7  0006.6  1213.7  
2692.3  -0076.2 1231.7  
2761.1  -0026.5 1251.3  
2804.2  -0076.2 1270.2  
2838.9  -0043.1 1290.0  
2908.6  -0076.2 1309.8  
2934.9  -0076.2 1329.7  
2926.1  -0059.7 1349.5  
2987.6  -0126.0 1368.6  
2743.8  -0043.1 1385.8  
2709.4  -0126.0 1400.7  
2700.9  -0026.5 1417.3  
2649.5  -0009.9 1433.3  
2769.7  -0059.7 1449.7  
2847.6  0006.6  1468.2  
2769.7  -0043.1 1484.5  
2847.6  0006.6  1502.6  
2873.7  -0009.9 1520.4  
3076.1  0023.2  1541.3  
3156.5  0023.2  1563.1  
3201.4  -0076.2 1583.1  
3291.9  -0026.5 1605.1  
3282.8  -0142.6 1624.3  
3228.5  -0109.4 1643.3  
3392.6  -0159.2 1663.1  
3475.9  -0208.9 1682.9  
3578.8  -0175.7 1704.3  
3448.1  -0258.7 1722.2  
3429.5  -0242.1 1739.9  
3522.5  -0242.1 1758.5  
3401.8  -0242.1 1775.4  
3494.5  -0258.7 1792.9  
3411.1  -0341.6 1807.4  
3228.5  -0242.1 1821.4  
3237.5  -0275.2 1834.5  
3102.8  -0208.9 1847.1  
3102.8  -0126.0 1861.1  
2943.7  -0175.7 1871.9  
3014.1  -0026.5 1886.4  
3049.5  -0043.1 1900.9  
2891.2  0106.1  1916.0  
2847.6  0139.3  1931.0  
2743.8  0255.3  1946.7  
2752.4  0354.8  1964.3  
2615.4  0388.0  1980.6  
2838.9  0553.8  2002.8  
2873.7  0487.5  2023.9  
0902.1  0553.8  2020.0  
7799.6  0951.9  2114.9  
1551.3  0338.3  2114.1  
3111.7  0653.4  2140.2  
3255.6  0487.5  2164.5  
4025.0  0454.3  2197.9  
3183.4  0122.7  2213.3  
3759.9  0238.8  2238.3  
4438.4  0238.8  2272.0  
3201.4  -0026.5 2283.7  
4115.7  0155.8  2310.9  
4156.4  -0076.2 2333.7  
3886.3  -0043.1 2353.2  
4085.3  -0043.1 2375.2  
4848.6  -0175.7 2404.2  
4492.1  -0258.7 2426.6  
5096.8  -0308.4 2455.7  
4860.1  -0441.1 2478.6  
4941.7  -0540.6 2500.3  
4825.6  -0623.5 2518.6  
4965.2  -0706.4 2536.8  
4470.5  -0855.7 2545.4  
4645.2  -0789.3 2557.4  
4321.9  -0922.0 2562.5  
4427.7  -0888.8 2569.5  
4238.6  -0855.7 2574.5  
4353.5  -0888.8 2580.4  
4374.6  -0839.1 2587.4  
4176.9  -0888.8 2590.8  
4207.7  -0805.9 2596.2  
3945.4  -0822.5 2597.7  
3731.0  -0689.8 2599.0  
4105.6  -0606.9 2606.8  
3965.2  -0557.2 2613.7  
3448.1  -0474.2 2615.3  
4280.1  -0424.5 2628.8  
4015.0  -0457.7 2638.0  
4065.2  -0441.1 2648.1  
4197.4  -0457.7 2659.5  
4207.7  -0374.7 2672.4  
4045.1  -0490.8 2680.8  
3995.1  -0391.3 2690.4  
4035.0  -0457.7 2699.0  
3955.3  -0391.3 2707.8  
4105.6  -0391.3 2718.5  
3866.7  -0441.1 2724.9  
4015.0  -0325.0 2735.4  
3847.2  -0358.2 2743.0  
3935.5  -0258.7 2753.6  
3847.2  -0242.1 2763.2  
3827.7  -0291.8 2771.4  
3955.3  -0208.9 2782.9  
3779.2  -0242.1 2791.2  
3740.6  -0192.3 2799.9  
3975.2  -0208.9 2811.3  
3955.3  -0208.9 2822.2  
3808.2  -0126.0 2832.7  
3808.2  -0192.3 2841.7  
3817.9  -0192.3 2850.7  
3779.2  -0291.8 2857.2  
3702.2  -0242.1 2863.5  
3750.2  -0242.1 2870.4  
3740.6  -0275.2 2876.4  
3915.8  -0208.9 2886.0  
3740.6  -0308.4 2891.2  
3808.2  -0258.7 2898.1  
3731.0  -0291.8 2903.3  
3282.8  -0275.2 2902.9  
4634.1  -0175.7 2922.2  
3022.9  -0424.5 2915.1  
4015.0  -0175.7 2926.1  
3494.5  -0275.2 2928.2  
3673.6  -0192.3 2934.2  
3616.6  -0208.9 2939.0  
3513.2  -0258.7 2941.5  
3531.9  -0175.7 2945.8  
3654.5  -0225.5 2950.7  
3513.2  -0208.9 2953.9  
3541.3  -0208.9 2957.5  
3513.2  -0225.5 2960.4  
3411.1  -0208.9 2962.2  
3448.1  -0225.5 2964.1  
3319.3  -0208.9 2964.7  
3219.4  -0242.1 2963.3  
3174.4  -0175.7 2962.6  
3319.3  -0159.2 2964.1  
3219.4  -0208.9 2963.4  
3129.6  -0126.0 2963.1  
3102.8  -0192.3 2961.1  
3111.7  -0142.6 2960.3  
3219.4  -0192.3 2959.9  
3174.4  -0159.2 2959.6  
3355.9  -0142.6 2962.0  
3301.1  -0208.9 2962.3  
3365.1  -0142.6 2964.8  
3219.4  -0225.5 2963.7  
3355.9  -0208.9 2964.7  
3328.4  -0258.7 2964.4  
3365.1  -0291.8 2963.9  
3210.4  -0275.2 2961.7  
3147.5  -0358.2 2957.1  
3058.3  -0308.4 2952.3  
3076.1  -0291.8 2948.2  
3022.9  -0308.4 2943.1  
2926.1  -0258.7 2937.8  
2804.2  -0341.6 2929.3  
2624.0  -0258.7 2920.1  
2564.5  -0258.7 2910.4  
2581.4  -0225.5 2901.6  
2581.4  -0175.7 2893.9  
2446.4  -0175.7 2884.5  
2488.5  -0076.2 2877.8  
2346.1  -0142.6 2868.0  
2205.3  -0059.7 2858.1  
2296.2  -0059.7 2849.5  
2221.8  0072.9  2842.7  
2312.8  0106.1  2837.8  
2421.3  0056.3  2833.5  
2513.8  0089.5  2831.0  
2379.5  0006.6  2825.2  
2354.4  -0026.5 2818.5  
2346.1  -0009.9 2812.1  
2279.6  -0059.7 2803.9  
2337.8  -0026.5 2797.3  
2312.8  -0076.2 2789.4  
2246.5  -0043.1 2781.4  
2230.0  -0026.5 2773.6  
2155.9  -0059.7 2764.3  
2025.0  -0043.1 2753.7  
1895.3  -0092.8 2740.6  
1887.2  -0026.5 2728.9  
1694.5  -0109.4 2713.1  
1670.6  -0009.9 2699.2  
1678.6  0023.2  2686.2  
1583.0  0023.2  2672.1  
1559.2  0106.1  2659.6  
1710.5  0106.1  2649.2  
1646.7  0106.1  2638.1  
1694.5  0155.8  2628.8  
1638.7  0139.3  2618.5  
1911.5  0205.6  2613.3  
1822.8  0089.5  2604.6  
1782.6  0072.9  2595.2  
1702.5  0023.2  2584.0  
1887.2  0089.5  2576.6  
1750.5  0089.5  2567.5  
1591.0  0006.6  2554.7  
1646.7  0106.1  2544.9  
1583.0  0056.3  2533.4  
1361.9  0089.5  2519.7  
1220.8  0039.8  2503.4  
1220.8  0122.7  2488.9  
1275.6  0122.7  2475.4  
1088.2  0122.7  2459.6  
1010.5  0189.0  2444.2  
1057.1  0205.6  2430.1  
0956.3  0238.8  2415.4  
0979.5  0288.5  2402.2  
0979.5  0222.2  2387.9  
1018.3  0305.1  2375.9  
1072.7  0271.9  2364.1  
1134.9  0305.1  2353.9  
1158.3  0238.8  2342.9  
1259.9  0271.9  2334.0  
1330.4  0238.8  2325.5  
1440.6  0155.8  2317.0  
1409.1  0172.4  2308.4  
1409.1  0089.5  2298.4  
1377.6  0089.5  2288.0  
1385.5  0089.5  2277.9  
1259.9  0023.2  2265.0  
1189.5  0089.5  2252.6  
1096.0  0006.6  2237.5  
0840.2  0072.9  2220.6  
0655.3  0039.8  2200.8  
0578.5  0122.7  2181.8  
0616.9  0205.6  2165.3  
0455.7  0172.4  2146.2  
0249.1  0288.5  2127.0  
0333.2  0338.3  2110.0  
0325.6  0404.6  2094.5  
0295.0  0470.9  2080.2  
0325.6  0520.7  2067.4  
0379.1  0570.4  2056.4  
0356.2  0504.1  2044.0  
0555.4  0553.8  2035.3  
0540.1  0470.9  2025.0  
0616.9  0487.5  2016.1  
0724.6  0470.9  2008.4  
0663.0  0371.4  1998.0  
0570.8  0388.0  1986.9  
0693.8  0371.4  1977.2  
0793.9  0371.4  1969.0  
0778.5  0388.0  1961.0  
0755.4  0321.7  1951.4  
0809.4  0354.8  1943.4  
0809.4  0271.9  1933.9  
0793.9  0321.7  1925.2  
0593.8  0238.8  1912.4  
0478.7  0321.7  1899.9  
0639.9  0338.3  1890.0  
0440.4  0321.7  1877.3  
0448.1  0388.0  1866.1  
0455.7  0371.4  1854.9  
0440.4  0421.2  1844.6  
0471.1  0421.2  1834.9  
0279.7  0404.6  1822.4  
0486.4  0470.9  1814.1  
0463.4  0454.3  1805.3  
0402.1  0504.1  1796.8  
0547.8  0454.3  1789.3  
0455.7  0470.9  1781.1  
0655.3  0504.1  1776.2  
0578.5  0454.3  1769.4  
0632.3  0487.5  1764.1  
0770.8  0404.6  1759.0  
0678.4  0470.9  1754.1  
0732.3  0454.3  1749.6  
0740.0  0371.4  1743.7  
0824.8  0437.8  1740.2  
0855.7  0338.3  1735.3  
0740.0  0421.2  1730.5  
0817.1  0421.2  1726.8  
0917.5  0404.6  1724.1  
0940.8  0437.8  1722.4  
0763.1  0338.3  1716.5  
0987.3  0454.3  1715.9  
0964.0  0338.3  1712.7  
0855.7  0371.4  1708.7  
1033.8  0404.6  1707.8  
1119.4  0321.7  1706.4  
1057.1  0388.0  1705.6  
0940.8  0338.3  1702.2  
1088.2  0354.8  1701.1  
1142.7  0354.8  1700.8  
1096.0  0321.7  1699.1  
1314.7  0354.8  1701.1  
1338.3  0271.9  1701.7  
1409.1  0255.3  1702.9  
1567.2  0205.6  1705.2  
1654.6  0205.6  1708.5  
1710.5  0189.0  1712.3  
1766.5  0072.9  1714.5  
1887.2  0039.8  1717.5  
1911.5  -0059.7 1718.9  
1887.2  0006.6  1721.2  
2074.0  -0159.2 1722.7  
2016.9  -0126.0 1724.1  
1935.7  -0142.6 1724.1  
1976.3  -0242.1 1722.6  
2065.8  -0192.3 1723.3  
2016.9  -0291.8 1721.4  
1838.8  -0258.7 1717.9  
1417.0  -0159.2 1710.8  
2246.5  -0126.0 1715.3  
1432.7  -0142.6 1708.8  
1846.9  -0059.7 1709.4  
1871.1  -0009.9 1711.4  
1670.6  -0076.2 1709.3  
1814.7  -0009.9 1710.5  
2000.6  0023.2  1714.8  
1960.0  -0026.5 1717.5  
2213.5  0039.8  1724.8  
2346.1  -0076.2 1731.5  
2246.5  -0126.0 1735.8  
2246.5  -0142.6 1739.7  
2488.5  -0175.7 1746.1  
2683.7  -0175.7 1754.9  
2624.0  -0325.0 1759.9  
2641.0  -0275.2 1766.1  
2830.2  -0358.2 1773.0  
2649.5  -0358.2 1777.5  
2761.1  -0374.7 1783.0  
2615.4  -0457.7 1785.0  
2752.4  -0441.1 1789.0  
2718.0  -0441.1 1792.5  
2649.5  -0441.1 1795.1  
2769.7  -0424.5 1799.5  
2804.2  -0524.0 1802.4  
2769.7  -0424.5 1806.7  
2692.3  -0524.0 1808.0  
2735.2  -0474.2 1810.9  
2978.8  -0557.2 1815.2  
3022.9  -0524.0 1820.8  
3228.5  -0524.0 1829.0  
3264.7  -0656.7 1834.9  
3273.8  -0673.2 1840.5  
3365.1  -0772.8 1845.3  
3337.6  -0822.5 1848.7  
3420.3  -0839.1 1852.8  
3219.4  -0905.4 1853.0  
3420.3  -0905.4 1855.7  
3156.5  -0971.8 1853.6  
2978.8  -0938.6 1849.9  
2624.0  -0905.4 1842.2  
2934.9  -0805.9 1840.7  
2786.9  -0689.8 1839.5  
2856.3  -0756.2 1838.0  
2692.3  -0689.8 1835.6  
2641.0  -0706.4 1832.3  
2804.2  -0606.9 1833.1  
2354.4  -0640.1 1827.3  
2180.6  -0673.2 1818.7  
2371.1  -0540.6 1815.2  
2197.0  -0573.7 1808.9  
2155.9  -0524.0 1803.2  
2082.2  -0524.0 1796.5  
2025.0  -0457.7 1790.5  
2033.2  -0391.3 1785.9  
1927.6  -0424.5 1779.4  
1935.7  -0341.6 1774.7  
1968.2  -0358.2 1770.2  
1903.4  -0258.7 1766.9  
1742.5  -0192.3 1762.7  
1830.8  -0225.5 1759.2  
1798.6  -0142.6 1756.9  
1758.5  -0242.1 1752.1  
1606.9  -0175.7 1746.8  
1654.6  -0142.6 1742.7  
1567.2  -0076.2 1738.9  
1591.0  -0092.8 1735.1  
1535.5  -0092.8 1730.7  
1591.0  -0026.5 1728.3  
1464.3  -0092.8 1723.0  
1354.0  -0026.5 1717.6  
1369.7  0006.6  1713.2  
1369.7  -0059.7 1707.5  
1299.1  0056.3  1703.2  
1346.1  0006.6  1698.7  
1244.2  0089.5  1694.4  
1346.1  0089.5  1691.6  
1275.6  0072.9  1687.6  
1314.7  0089.5  1684.5  
1299.1  0039.8  1680.2  
1354.0  0122.7  1678.3  
1275.6  0039.8  1673.8  
1189.5  0072.9  1668.9  
1354.0  0089.5  1666.5  
1142.7  0039.8  1660.4  
1220.8  0072.9  1656.0  
1127.1  -0009.9 1648.9  
1142.7  0023.2  1642.7  
1041.6  -0009.9 1634.6  
1088.2  0039.8  1628.2  
1181.7  0106.1  1624.4  
1018.3  0023.2  1616.9  
1002.8  0089.5  1610.6  
0894.3  0039.8  1601.9  
0824.8  0089.5  1593.5  
0786.2  0122.7  1585.3  
0747.7  0122.7  1576.7  
0686.1  0189.0  1568.7  
0740.0  0106.1  1559.9  
0632.3  0205.6  1551.7  
0632.3  0139.3  1542.4  
0663.0  0172.4  1534.2  
0701.5  0205.6  1527.3  
0763.1  0155.8  1520.3  
0824.8  0189.0  1514.9  
0786.2  0172.4  1508.7  
0709.2  0155.8  1501.3  
0801.6  0205.6  1496.2  
0670.7  0122.7  1487.7  
0740.0  0122.7  1480.3  
0593.8  0089.5  1470.4  
0586.2  0139.3  1461.5  
0532.4  0189.0  1453.0  
0501.7  0189.0  1444.2  
0524.7  0189.0  1435.9  
0455.7  0139.3  1425.7  
0348.5  0222.2  1415.9  
0310.3  0172.4  1404.8  
0195.6  0271.9  1394.3  
0325.6  0288.5  1385.9  
0226.1  0238.8  1375.4  
0157.3  0338.3  1366.0  
-0003.0 0305.1  1354.0  
0111.5  0371.4  1345.0  
0119.1  0354.8  1335.9  
0119.1  0404.6  1327.9  
0088.6  0470.9  1320.8  
0119.1  0421.2  1313.3  
0142.1  0504.1  1307.9  
0050.4  0421.2  1299.7  
0073.3  0487.5  1293.1  
0065.7  0487.5  1286.6  
0126.8  0454.3  1280.3  
0187.9  0487.5  1275.6  
0119.1  0470.9  1269.7  
0218.5  0454.3  1264.8  
0126.8  0470.9  1259.1  
0226.1  0487.5  1255.2  
0249.1  0504.1  1251.9  
0256.7  0388.0  1246.4  
0279.7  0421.2  1242.0  
0295.0  0388.0  1237.2  
0249.1  0470.9  1233.5  
0325.6  0454.3  1230.5  
0317.9  0354.8  1225.5  
0272.0  0437.8  1221.6  
0302.6  0388.0  1217.2  
0241.4  0437.8  1213.0  
0379.1  0354.8  1209.0  
0409.8  0404.6  1206.5  
0363.8  0437.8  1204.1  
0356.2  0354.8  1199.9  
0363.8  0388.0  1196.6  
0425.1  0371.4  1193.8  
0402.1  0371.4  1190.7  
0616.9  0371.4  1190.5  
0494.1  0338.3  1188.0  
0478.7  0371.4  1186.0  
0563.1  0338.3  1184.5  
0471.1  0338.3  1181.7  
0639.9  0338.3  1181.3  
0624.6  0321.7  1180.3  
0624.6  0338.3  1179.7  
0494.1  0321.7  1177.0  
0471.1  0354.8  1174.7  
0547.8  0305.1  1172.5  
0639.9  0371.4  1172.8  
0570.8  0404.6  1172.9  
0593.8  0338.3  1172.0  
0724.6  0371.4  1173.4  
0793.9  0338.3  1175.1  
0809.4  0371.4  1177.6  
0878.9  0388.0  1181.3  
0817.1  0338.3  1183.2  
0925.3  0321.7  1186.2  
1072.7  0255.3  1189.7  
1142.7  0305.1  1195.1  
1228.6  0139.3  1198.3  
1236.4  0155.8  1201.9  
1166.1  0139.3  1204.2  
1409.1  0089.5  1208.6  
1567.2  0139.3  1216.1  
1338.3  0023.2  1218.2  
1472.2  0023.2  1222.0  
1511.7  -0026.5 1225.3  
1583.0  -0009.9 1229.8  
1583.0  -0026.5 1233.9  
1354.0  -0092.8 1233.6  
1417.0  -0026.5 1235.5  
1472.2  -0076.2 1237.1  
1448.5  -0026.5 1239.4  
1527.5  -0009.9 1243.0  
1519.6  -0026.5 1246.1  
1432.7  0039.8  1249.3  
1456.4  -0059.7 1250.9  
1575.1  0056.3  1256.3  
1535.5  0056.3  1261.1  
1583.0  0056.3  1266.4  
1662.6  0039.8  1272.4  
1710.5  -0009.9 1278.0  
1734.5  0056.3  1285.1  
1710.5  -0026.5 1290.2  
1822.8  0023.2  1297.6  
1863.0  0056.3  1306.2  
1943.8  -0009.9 1314.4  
1960.0  0039.8  1323.7  
2000.6  -0076.2 1331.1  
1927.6  -0043.1 1338.1  
1895.3  -0076.2 1343.9  
1855.0  -0043.1 1349.8  
2016.9  0006.6  1358.7  
1992.5  -0076.2 1365.5  
2090.3  0006.6  1375.2  
1992.5  -0092.8 1381.5  
2131.3  -0043.1 1390.5  
2114.9  -0043.1 1399.1  
2131.3  -0092.8 1406.9  
2172.3  -0059.7 1415.8  
2296.2  -0126.0 1424.9  
2180.6  -0126.0 1432.4  
2221.8  -0159.2 1439.6  
2337.8  -0092.8 1449.6  
2379.5  -0092.8 1460.0  
2371.1  -0208.9 1467.9  
2371.1  -0159.2 1476.6  
2362.8  -0208.9 1484.1  
2379.5  -0142.6 1493.1  
2371.1  -0192.3 1500.9  
2505.3  -0208.9 1510.0  
2496.9  -0159.2 1519.8  
2438.0  -0242.1 1527.1  
2387.8  -0208.9 1534.3  
2304.5  -0242.1 1539.7  
2329.5  -0159.2 1546.9  
2304.5  -0092.8 1555.0  
2221.8  -0142.6 1561.0  
2296.2  -0076.2 1569.2  
2354.4  -0126.0 1577.0  
2329.5  -0026.5 1586.4  
2421.3  -0009.9 1597.2  
2412.9  -0059.7 1606.7  
2624.0  -0009.9 1619.9  
2471.6  -0092.8 1629.3  
2573.0  -0043.1 1640.9  
2564.5  -0109.4 1650.8  
2488.5  -0076.2 1660.4  
2624.0  -0043.1 1672.2  
2709.4  -0076.2 1684.3  
2666.6  -0009.9 1697.1  
2743.8  -0076.2 1709.3  
2978.8  -0026.5 1725.5  
2873.7  -0126.0 1738.1  
2786.9  -0242.1 1747.1  
2761.1  -0192.3 1756.7  
2812.9  -0225.5 1766.1  
2761.1  -0208.9 1775.1  
2632.5  -0192.3 1782.6  
2700.9  -0142.6 1791.8  
2899.9  -0076.2 1804.9  
2769.7  -0159.2 1814.5  
2666.6  -0043.1 1824.8  
2752.4  -0159.2 1833.9  
2743.8  -0043.1 1845.0  
2847.6  -0026.5 1857.7  
2769.7  -0059.7 1868.5  
2873.7  -0059.7 1880.5  
2926.1  -0076.2 1892.8  
2952.4  -0026.5 1906.2  
2882.4  0006.6  1919.2  
2978.8  -0026.5 1932.6  
3076.1  -0009.9 1947.4  
3319.3  -0092.8 1963.7  
2970.0  -0142.6 1974.1  
3040.6  -0208.9 1984.0  
3120.7  -0192.3 1995.2  
3111.7  -0175.7 2006.4  
2882.4  -0225.5 2013.4  
3102.8  -0092.8 2025.9  
3138.5  -0192.3 2036.8  
3058.3  -0142.6 2047.4  
3005.2  -0159.2 2056.9  
2917.4  -0059.7 2067.0  
3058.3  -0076.2 2078.6  
3031.8  -0159.2 2088.0  
3120.7  -0076.2 2100.0  
3022.9  -0126.0 2109.7  
3102.8  -0076.2 2121.2  
3401.8  -0059.7 2136.9  
3031.8  -0225.5 2144.2  
3365.1  -0126.0 2157.8  
3494.5  -0242.1 2170.6  
3401.8  -0175.7 2183.3  
3337.6  -0225.5 2194.1  
3513.2  -0192.3 2207.6  
3531.9  -0208.9 2220.9  
3664.1  -0291.8 2234.2  
3626.1  -0275.2 2247.0  
3692.7  -0358.2 2259.0  
3597.7  -0325.0 2270.2  
3683.1  -0358.2 2281.7  
3607.1  -0424.5 2290.8  
3578.8  -0358.2 2300.6  
3750.2  -0441.1 2311.0  
3616.6  -0424.5 2319.8  
3578.8  -0424.5 2328.0  
3560.0  -0424.5 2335.8  
3750.2  -0374.7 2347.0  
3935.5  -0424.5 2359.6  
3788.8  -0457.7 2369.3  
4075.3  -0490.8 2382.1  
4035.0  -0524.0 2393.5  
3975.2  -0524.0 2403.9  
4146.2  -0606.9 2414.9  
4187.1  -0590.3 2426.6  
3876.5  -0673.2 2432.3  
4095.5  -0656.7 2441.3  
4045.1  -0689.8 2448.7  
3915.8  -0706.4 2454.1  
3975.2  -0689.8 2460.5  
3856.9  -0756.2 2463.9  
3886.3  -0706.4 2468.7  
3769.5  -0756.2 2470.9  
3607.1  -0723.0 2471.6  
3626.1  -0689.8 2473.2  
3664.1  -0723.0 2474.6  
3635.5  -0623.5 2477.5  
3438.8  -0689.8 2476.6  
3485.2  -0606.9 2477.8  
3513.2  -0656.7 2478.5  
3420.3  -0590.3 2479.2  
3475.9  -0540.6 2481.7  
3429.5  -0557.2 2483.2  
3494.5  -0557.2 2485.5  
3475.9  -0606.9 2486.5  
3401.8  -0606.9 2486.6  
3522.5  -0623.5 2487.9  
3485.2  -0723.0 2486.7  
3513.2  -0656.7 2487.3  
3448.1  -0723.0 2485.7  
3246.6  -0673.2 2482.4  
3237.5  -0739.6 2477.7  
2934.9  -0723.0 2469.5  
2856.3  -0706.4 2460.6  
2692.3  -0706.4 2449.7  
2615.4  -0573.7 2440.6  
2429.7  -0640.1 2427.8  
2371.1  -0507.4 2417.0  
2454.8  -0407.9 2409.5  
2396.2  -0441.1 2400.6  
2114.9  -0391.3 2389.1  
2147.7  -0391.3 2378.2  
2172.3  -0325.0 2369.1  
2114.9  -0291.8 2360.0  
2106.7  -0325.0 2350.2  
2041.3  -0275.2 2340.7  
2082.2  -0341.6 2330.6  
2074.0  -0291.8 2321.5  
1622.8  -0407.9 2304.2  
2114.9  -0192.3 2297.9  
1863.0  -0175.7 2288.7  
1464.3  -0192.3 2274.1  
1535.5  -0043.1 2263.5  
1567.2  -0076.2 2252.9  
1181.7  -0026.5 2238.2  
0948.5  0039.8  2222.1  
0863.4  0089.5  2205.9  
0709.2  0172.4  2189.7  
0740.0  0205.6  2174.6  
0478.7  0338.3  2159.0  
0647.6  0388.0  2146.8  
0570.8  0470.9  2135.3  
0532.4  0520.7  2124.5  
0371.5  0504.1  2111.4  
0455.7  0620.2  2101.9  
0386.8  0570.4  2090.6  
0287.3  0669.9  2080.1  
0340.9  0653.4  2070.1  
0333.2  0719.7  2061.4  
0218.5  0752.9  2052.1  
0279.7  0736.3  2043.3  
0279.7  0802.6  2035.9  
0295.0  0736.3  2027.5  
0471.1  0769.4  2022.2  
0386.8  0802.6  2016.6  
0195.6  0686.5  2006.2  
0524.7  0669.9  1999.9  
0203.2  0570.4  1987.5  
0356.2  0603.6  1978.0  
0126.8  0537.3  1964.2  
-0155.8 0553.8  1947.3  
-0217.0 0669.9  1932.0  
-0064.1 0719.7  1919.9  
-0262.8 0802.6  1907.1  
-0530.9 0819.2  1891.2  
-0561.6 0985.0  1878.3  
-0653.8 1018.2  1865.1  
-0885.1 1018.2  1849.0  
-0792.4 1200.6  1838.0  
-0823.3 1233.8  1827.3  
-0623.0 1366.5  1822.0  
-0684.5 1300.1  1814.7  
-0415.9 1399.6  1813.0  
-0385.3 1416.2  1812.0  
-0500.2 1316.7  1807.6  
-0209.3 1333.3  1807.4  
-0132.9 1266.9  1806.9  
-0003.0 1233.8  1807.4  
0218.5  1200.6  1810.2  
0386.8  1067.9  1812.5  
0555.4  1018.2  1816.1  
0463.4  0835.8  1814.8  
1064.9  0868.9  1822.1  
1299.1  0686.5  1828.8  
1790.6  0636.8  1840.8  
1943.8  0404.6  1850.2  
2221.8  0172.4  1858.5  
2346.1  0006.6  1865.0  
2624.0  -0242.1 1870.2  
2804.2  -0441.1 1873.8  
2856.3  -0623.5 1874.4  
3457.3  -0839.1 1878.7  
3466.6  -0988.3 1880.1  
3541.3  -1237.1 1877.5  
3597.7  -1369.8 1873.1  
3438.8  -1601.9 1862.1  
3876.5  -1519.0 1858.6  
3513.2  -1718.0 1846.5  
3129.6  -1800.9 1827.8  
3328.4  -1701.4 1813.9  
2873.7  -1834.1 1791.7  
2581.4  -1718.0 1768.2  
2961.2  -1535.6 1753.6  
2379.5  -1585.4 1730.5  
2354.4  -1402.9 1711.0  
2412.9  -1320.0 1694.2  
1766.5  -1220.5 1671.1  
2172.3  -1054.7 1656.8  
1543.4  -0988.3 1635.8  
1330.4  -0839.1 1615.3  
1409.1  -0739.6 1598.0  
1049.4  -0540.6 1580.1  
0770.8  -0490.8 1559.7  
0863.4  -0242.1 1545.8  
0933.0  -0142.6 1534.9  
1252.1  -0076.2 1529.7  
0616.9  -0126.0 1515.2  
0256.7  -0159.2 1495.5  
0295.0  -0009.9 1479.5  
0012.2  -0043.1 1459.3  
-0538.6 0122.7  1435.5  
-0362.3 0288.5  1417.5  
-0561.6 0354.8  1398.5  
-0947.0 0553.8  1378.6  
-1071.1 0669.9  1359.5  
-1156.8 0868.9  1343.6  
-1344.6 1034.8  1328.7  
-1454.8 1200.6  1315.7  
-1016.7 1466.0  1314.0  
-1605.3 1399.6  1303.2  
-1533.9 1681.5  1299.1  
-1203.6 1913.7  1303.9  
-1001.2 1946.9  1312.0  
-0900.5 2029.8  1322.9  
-0769.3 1980.0  1334.5  
-1009.0 1946.9  1342.1  
-1188.0 1913.7  1346.6  
-0553.9 1880.5  1358.7  
-0746.1 1913.7  1368.8  
-0600.0 1714.7  1376.7  
-0056.5 1830.8  1394.0  
0042.7  1565.5  1407.1  
-0385.3 1482.5  1412.8  
0432.8  1416.2  1427.8  
0103.9  1233.8  1434.8  
0302.6  1167.4  1442.9  
0925.3  1084.5  1457.5  
0709.2  0935.3  1466.1  
1119.4  0736.3  1476.1  
1662.6  0636.8  1491.1  
1488.0  0421.2  1499.4  
1710.5  0205.6  1506.2  
2197.0  0089.5  1517.1  
2033.2  -0192.3 1520.1  
2188.8  -0291.8 1523.1  
2329.5  -0474.2 1524.4  
2188.8  -0590.3 1521.5  
1992.5  -0689.8 1514.0  
2106.7  -0756.2 1506.9  
2155.9  -0723.0 1501.2  
2164.1  -0756.2 1495.0  
2221.8  -0656.7 1491.6  
2155.9  -0623.5 1488.0  
2287.9  -0606.9 1486.6  
2254.8  -0573.7 1485.3  
2147.7  -0623.5 1481.7  
2188.8  -0573.7 1479.7  
2246.5  -0640.1 1477.2  
2164.1  -0590.3 1474.6  
2147.7  -0573.7 1472.1  
2114.9  -0640.1 1467.9  
2279.6  -0540.6 1467.9  
2230.0  -0573.7 1466.6  
2263.1  -0524.0 1466.8  
2287.9  -0507.4 1467.5  
2246.5  -0557.2 1466.8  
2205.3  -0457.7 1467.5  
2213.5  -0540.6 1466.6  
2230.0  -0474.2 1467.3  
2230.0  -0490.8 1467.7  
2123.1  -0457.7 1467.2  
2164.1  -0424.5 1468.0  
2188.8  -0457.7 1468.5  
2106.7  -0457.7 1467.8  
2188.8  -0441.1 1468.6  
2238.3  -0391.3 1471.0  
2312.8  -0325.0 1475.7  
2033.2  -0424.5 1474.6  
2230.0  -0341.6 1477.8  
2164.1  -0341.6 1480.1  
2000.6  -0225.5 1482.5  
2033.2  -0258.7 1484.7  
2090.3  -0308.4 1486.5  
2057.7  -0208.9 1489.9  
2114.9  -0275.2 1492.7  
2221.8  -0208.9 1498.2  
2287.9  -0258.7 1503.5  
2346.1  -0225.5 1510.1  
2505.3  -0258.7 1518.1  
2564.5  -0341.6 1525.1  
2606.9  -0358.2 1532.3  
2675.2  -0490.8 1537.6  
2396.2  -0507.4 1538.9  
2795.6  -0557.2 1544.4  
3129.6  -0524.0 1555.0  
2926.1  -0606.9 1561.0  
3165.4  -0673.2 1568.8  
3093.9  -0706.4 1575.0  
3156.5  -0789.3 1580.2  
3246.6  -0789.3 1586.5  
3040.6  -0839.1 1589.1  
2996.4  -0888.8 1590.1  
2917.4  -0888.8 1590.0  
2786.9  -0922.0 1587.5  
2709.4  -0872.3 1585.1  
2726.6  -0805.9 1584.2  
2513.8  -0872.3 1579.2  
2346.1  -0839.1 1572.7  
2387.8  -0839.1 1566.9  
2254.8  -0756.2 1561.0  
2065.8  -0772.8 1552.4  
1992.5  -0706.4 1544.3  
2098.5  -0623.5 1539.2  
1806.7  -0640.1 1530.1  
1806.7  -0557.2 1522.8  
1702.5  -0606.9 1513.1  
1710.5  -0474.2 1506.4  
1559.2  -0407.9 1499.0  
1543.4  -0391.3 1491.9  
1440.6  -0341.6 1484.5  
1322.6  -0358.2 1475.3  
1377.6  -0275.2 1468.5  
1354.0  -0275.2 1461.6  
1330.4  -0208.9 1455.8  
1236.4  -0142.6 1450.1  
1220.8  -0192.3 1443.2  
1299.1  -0092.8 1439.5  
1275.6  -0192.3 1433.6  
1111.6  -0142.6 1426.5  
1072.7  -0175.7 1418.4  
1213.0  -0109.4 1413.5  
1236.4  -0109.4 1409.0  
1119.4  -0175.7 1401.8  
0971.8  -0059.7 1394.9  
0964.0  -0076.2 1387.7  
0886.6  -0043.1 1380.3  
0655.3  -0059.7 1369.6  
0670.7  -0076.2 1358.9  
0570.8  0006.6  1348.6  
0455.7  -0009.9 1336.7  
0540.1  0023.2  1326.7  
0601.5  0089.5  1318.9  
0425.1  0072.9  1308.6  
0570.8  0139.3  1301.6  
0563.1  0039.8  1292.7  
0540.1  0106.1  1284.9  
0586.2  0072.9  1277.1  
0540.1  0122.7  1269.9  
0509.4  0106.1  1262.0  
0302.6  0056.3  1250.4  
0287.3  0155.8  1240.8  
0348.5  0106.1  1231.2  
0172.6  0172.4  1220.7  
0096.2  0205.6  1209.9  
0088.6  0305.1  1201.2  
0073.3  0338.3  1193.1  
-0155.8 0321.7  1181.7  
-0270.5 0437.8  1171.2  
-0278.1 0404.6  1160.1  
-0262.8 0520.7  1151.7  
-0331.7 0537.3  1142.8  
-0362.3 0504.1  1132.9  
-0339.3 0587.0  1125.1  
-0377.6 0520.7  1115.6  
-0316.4 0603.6  1108.7  
-0324.0 0570.4  1101.1  
-0339.3 0603.6  1094.1  
-0347.0 0636.8  1087.7  
-0500.2 0553.8  1077.7  
-0592.3 0603.6  1067.7  
-0546.2 0587.0  1058.0  
-0715.3 0686.5  1048.2  
-0815.5 0703.1  1037.6  
-0838.7 0686.5  1026.4  
-0877.3 0769.4  1016.6  
-0962.5 0786.0  1006.1  
-0831.0 0885.5  0999.4  
-0931.5 0868.9  0991.1  
-0970.2 0918.7  0983.4  
-0838.7 0968.4  0978.6  
-0877.3 0935.3  0972.6  
-0769.3 1018.2  0969.8  
-0761.6 0918.7  0965.2  
-0699.9 0968.4  0962.4  
-0600.0 0985.0  0961.3  
-0507.9 0885.5  0959.4  
-0415.9 0918.7  0959.4  
-0178.7 0786.0  0960.0  
-0079.4 0769.4  0961.5  
-0186.4 0686.5  0959.9  
-0003.0 0669.9  0960.5  
0165.0  0653.4  0962.9  
0142.1  0520.7  0962.4  
0471.1  0587.0  0967.5  
0440.4  0454.3  0969.6  
0471.1  0421.2  0971.3  
0655.3  0404.6  0975.1  
0655.3  0271.9  0976.3  
0701.5  0271.9  0978.0  
0655.3  0189.0  0977.5  
0663.0  0189.0  0977.1  
0593.8  0139.3  0974.8  
0686.1  0122.7  0973.5  
0563.1  0106.1  0970.2  
0524.7  0072.9  0965.7  
0655.3  0122.7  0964.1  
0639.9  0089.5  0961.6  
0593.8  0106.1  0958.8  
0716.9  0139.3  0958.4  
0716.9  0089.5  0957.0  
0770.8  0155.8  0957.6  
0686.1  0039.8  0954.8  
0670.7  0122.7  0953.5  
0701.5  0089.5  0952.0  
0609.2  0155.8  0950.5  
0663.0  0205.6  0950.8  
0709.2  0106.1  0949.7  
0801.6  0222.2  0952.2  
0755.4  0172.4  0953.0  
0894.3  0205.6  0956.3  
0801.6  0222.2  0958.6  
1026.1  0172.4  0962.9  
1049.4  0205.6  0968.1  
1142.7  0122.7  0972.8  
1244.2  0139.3  0979.1  
1275.6  0072.9  0984.5  
1166.1  0056.3  0988.0  
1173.9  0072.9  0991.9  
1306.9  0006.6  0996.1  
1338.3  0056.3  1001.8  
1244.2  -0026.5 1004.4  
1267.7  0039.8  1008.7  
1369.7  0023.2  1013.9  
1299.1  -0026.5 1017.1  
1197.3  -0009.9 1019.3  
1142.7  -0026.5 1020.4  
1291.2  0023.2  1024.4  
1213.0  0139.3  1029.6  
1002.8  0089.5  1031.1  
1002.8  0255.3  1035.7  
1111.6  0172.4  1040.1  
0933.0  0288.5  1044.4  
1173.9  0321.7  1052.5  
1267.7  0404.6  1063.3  
1417.0  0388.0  1075.6  
1606.9  0354.8  1089.6  
1895.3  0388.0  1107.8  
1694.5  0238.8  1120.3  
1782.6  0205.6  1133.1  
1702.5  0089.5  1142.3  
1766.5  0139.3  1153.3  
1686.5  0106.1  1162.4  
1798.6  0023.2  1171.2  
1583.0  0072.9  1178.1  
1614.8  0072.9  1185.3  
1911.5  0122.7  1197.2  
1694.5  0072.9  1205.2  
1822.8  0122.7  1215.8  
1919.5  0172.4  1228.4  
2016.9  0106.1  1240.9  
2025.0  0139.3  1254.0  
2057.7  0056.3  1265.6  
2090.3  0089.5  1278.3  
2098.5  0089.5  1290.8  
2304.5  0039.8  1304.9  
2513.8  0023.2  1321.3  
2496.9  -0026.5 1336.3  
2547.6  0023.2  1352.6  
2726.6  0023.2  1371.2  
2718.0  -0142.6 1386.1  
2718.0  -0092.8 1401.8  
2752.4  -0192.3 1415.8  
2865.0  -0159.2 1431.7  
2847.6  -0225.5 1445.9  
2996.4  -0242.1 1461.5  
3049.5  -0225.5 1477.9  
3093.9  -0291.8 1493.4  
3111.7  -0275.2 1509.3  
3005.2  -0391.3 1521.2  
3014.1  -0291.8 1535.1  
3111.7  -0325.0 1549.4  
3120.7  -0407.9 1562.1  
3076.1  -0341.6 1575.2  
3022.9  -0391.3 1586.6  
3022.9  -0325.0 1599.0  
2996.4  -0325.0 1611.0  
2996.4  -0308.4 1623.1  
2952.4  -0291.8 1634.9  
2961.2  -0308.4 1646.2  
2917.4  -0225.5 1658.5  
2996.4  -0291.8 1670.4  
3058.3  -0225.5 1684.2  
3165.4  -0192.3 1699.9  
3147.5  -0275.2 1713.5  
3049.5  -0242.1 1726.3  
3049.5  -0291.8 1737.9  
3210.4  -0225.5 1752.8  
3192.4  -0258.7 1766.7  
3165.4  -0175.7 1781.6  
3147.5  -0175.7 1796.1  
3201.4  -0208.9 1810.5  
3210.4  -0159.2 1825.7  
3219.4  -0192.3 1840.3  
3129.6  -0175.7 1853.8  
3076.1  -0076.2 1868.3  
3165.4  -0092.8 1883.6  
2926.1  -0026.5 1896.8  
2996.4  -0076.2 1909.7  
3005.2  -0026.5 1923.6  
2996.4  -0026.5 1937.2  
3120.7  0056.3  1953.9  
3093.9  0106.1  1971.0  
3093.9  0056.3  1986.9  
3174.4  0106.1  2004.6  
3475.9  0072.9  2025.4  
3228.5  0072.9  2042.7  
3237.5  0089.5  2060.1  
3273.8  0023.2  2076.6  
3374.2  0072.9  2095.1  
3550.6  -0009.9 2114.0  
3522.5  -0026.5 2132.0  
3337.6  -0043.1 2147.1  
3578.8  -0026.5 2165.4  
3740.6  -0026.5 2185.6  
3578.8  -0159.2 2200.8  
3494.5  -0026.5 2217.3  
3383.4  -0076.2 2231.1  
3337.6  -0026.5 2245.1  
3355.9  0023.2  2260.2  
3255.6  0006.6  2273.4  
3237.5  0089.5  2287.9  
3129.6  0122.7  2301.4  
3228.5  0189.0  2317.3  
3337.6  0255.3  2335.8  
3995.1  0271.9  2363.0  
3494.5  0172.4  2381.3  
3731.0  0139.3  2401.8  
4045.1  0139.3  2426.1  
3876.5  0006.6  2445.3  
3985.1  0089.5  2467.4  
3955.3  0006.6  2487.1  
3995.1  -0076.2 2505.4  
3965.2  -0059.7 2523.4  
3856.9  -0142.6 2538.2  
3856.9  -0076.2 2554.0  
4065.2  -0142.6 2571.1  
3876.5  -0076.2 2586.7  
3827.7  -0043.1 2602.2  
4035.0  -0109.4 2618.9  
4125.9  -0043.1 2637.9  
3147.5  0072.9  2646.0  
9000.0  0238.8  2734.3  
3192.4  -0291.8 2734.6  
5624.9  -0142.6 2769.8  
4634.1  -0275.2 2788.9  
4259.4  -0374.7 2800.9  
5000.7  -0325.0 2823.4  
9000.0  -0126.0 2902.2  
2598.4  -0573.7 2886.8  
5611.2  -0159.2 2919.5  
5084.7  -0457.7 2939.0  
4166.6  -0490.8 2945.5  
4513.7  -0457.7 2957.1  
4301.0  -0507.4 2964.7  
4301.0  -0441.1 2973.6  
4965.2  -0441.1 2991.1  
4470.5  -0441.1 3001.9  
4249.0  -0490.8 3008.6  
4290.6  -0341.6 3018.7  
4814.1  -0325.0 3035.9  
4459.8  -0325.0 3048.2  
4085.3  -0275.2 3056.4  
5000.7  -0291.8 3076.2  
4814.1  -0242.1 3094.3  
4187.1  -0258.7 3103.6  
4568.1  -0225.5 3118.4  
4438.4  -0258.7 3130.7  
4353.5  -0358.2 3139.7  
4871.7  -0192.3 3158.7  
4502.9  -0275.2 3170.9  
4269.7  -0225.5 3180.9  
4656.3  -0192.3 3196.6  
4745.9  -0225.5 3212.5  
4700.9  -0225.5 3227.6  
4883.3  -0258.7 3244.3  
4953.4  -0275.2 3261.4  
4988.9  -0308.4 3278.0  
4757.2  -0275.2 3292.0  
5048.5  -0275.2 3309.7  
4837.1  -0358.2 3322.7  
4779.9  -0291.8 3336.1  
4860.1  -0358.2 3349.1  
4645.2  -0325.0 3359.7  
4825.6  -0325.0 3372.6  
4557.2  -0341.6 3381.5  
4656.3  -0291.8 3392.5  
4667.4  -0325.0 3402.8  
4645.2  -0258.7 3414.1  
4667.4  -0291.8 3424.8  
4623.0  -0275.2 3435.1  
4557.2  -0242.1 3445.1  
4568.1  -0258.7 3454.8  
4634.1  -0225.5 3465.8  
4449.1  -0258.7 3473.7  
4492.1  -0175.7 3483.6  
4374.6  -0192.3 3491.5  
4259.4  -0175.7 3498.2  
4353.5  -0142.6 3506.6  
4238.6  -0159.2 3513.1  
4353.5  -0059.7 3523.0  
4228.3  -0092.8 3530.4  
4290.6  -0092.8 3538.6  
4395.8  -0043.1 3549.0  
4406.4  -0092.8 3558.5  
4601.0  -0043.1 3571.3  
4568.1  -0175.7 3581.0  
4459.8  -0109.4 3590.4  
4459.8  -0175.7 3598.3  
4513.7  -0142.6 3607.6  
4438.4  -0159.2 3615.4  
4470.5  -0159.2 3623.5  
4459.8  -0142.6 3631.6  
4364.0  -0175.7 3637.8  
4238.6  -0126.0 3643.2  
4301.0  -0092.8 3650.1  
4218.0  -0159.2 3654.4  
4207.7  -0059.7 3660.5  
4280.1  -0142.6 3665.8  
4332.4  -0076.2 3673.1  
4417.0  -0142.6 3680.1  
4535.4  -0109.4 3689.2  
4667.4  -0092.8 3700.2  
4689.7  -0208.9 3709.1  
4612.0  -0175.7 3717.5  
4364.0  -0275.2 3720.6  
4481.3  -0208.9 3726.5  
4342.9  -0258.7 3729.5  
4166.6  -0258.7 3730.1  
4115.7  -0192.3 3731.4  
3319.3  -0225.5 3721.5  
4557.2  -0092.8 3730.7  
4557.2  -0159.2 3738.4  
3174.4  -0076.2 3729.5  
4301.0  0023.2  3737.4  
3597.7  -0059.7 3734.4  
4311.5  0072.9  3743.5  
4269.7  0006.6  3750.5  
3837.4  0006.6  3751.8  
4095.5  0056.3  3757.4  
3965.2  -0043.1 3759.3  
4035.0  -0009.9 3762.7  
3975.2  -0043.1 3764.7  
3905.9  -0043.1 3765.7  
3905.9  -0059.7 3766.4  
4187.1  -0009.9 3771.7  
4005.0  0006.6  3774.9  
4656.3  0072.9  3787.9  
4557.2  0023.2  3798.5  
4269.7  -0043.1 3803.9  
5133.3  0006.6  3821.5  
4678.5  -0225.5 3828.3  
4125.9  -0325.0 3825.8  
4953.4  -0258.7 3835.5  
4045.1  -0391.3 3830.6  
4085.3  -0258.7 3828.8  
3945.4  -0258.7 3825.2  
3995.1  -0192.3 3823.7  
3759.9  -0208.9 3818.7  
4055.1  -0242.1 3817.0  
3808.2  -0208.9 3812.8  
3503.8  -0242.1 3804.0  
3945.4  -0092.8 3804.0  
3847.2  -0126.0 3802.1  
3692.7  -0225.5 3796.2  
3896.1  -0109.4 3795.3  
3935.5  -0175.7 3793.7  
4166.6  -0126.0 3796.1  
4385.2  -0175.7 3800.4  
4449.1  -0192.3 3805.1  
4449.1  -0258.7 3808.5  
4342.9  -0358.2 3808.5  
4814.1  -0308.4 3815.6  
4579.0  -0490.8 3816.0  
4197.4  -0474.2 3811.6  
4207.7  -0457.7 3807.8  
4005.0  -0507.4 3800.4  
3847.2  -0441.1 3792.3  
3866.7  -0441.1 3784.6  
3201.4  -0391.3 3769.2  
3485.2  -0275.2 3760.0  
3597.7  -0242.1 3753.1  
2830.2  -0258.7 3735.8  
3420.3  -0192.3 3727.9  
3273.8  -0142.6 3719.1  
3219.4  -0175.7 3709.1  
3310.2  -0076.2 3702.3  
3192.4  -0059.7 3694.4  
3246.6  -0076.2 3687.0  
3550.6  -0059.7 3684.0  
3392.6  -0092.8 3678.4  
3588.3  -0076.2 3675.7  
3808.2  -0192.3 3673.6  
3750.2  -0175.7 3671.2  
3788.8  -0208.9 3668.6  
4249.0  -0291.8 3670.5  
3702.2  -0341.6 3664.1  
3645.0  -0374.7 3656.5  
3876.5  -0325.0 3653.0  
3183.4  -0424.5 3638.4  
3475.9  -0391.3 3628.6  
2978.8  -0358.2 3612.9  
3138.5  -0341.6 3600.0  
3014.1  -0308.4 3586.2  
2547.6  -0374.7 3565.1  
2961.2  -0208.9 3553.0  
2786.9  -0242.1 3538.2  
2573.0  -0275.2 3520.0  
2692.3  -0126.0 3506.7  
2598.4  -0175.7 3491.2  
2735.2  -0076.2 3479.8  
2917.4  -0076.2 3470.9  
2882.4  -0192.3 3459.3  
3005.2  -0126.0 3450.9  
2838.9  -0192.3 3439.0  
2838.9  -0175.7 3427.7  
2718.0  -0242.1 3413.6  
2641.0  -0208.9 3399.3  
2926.1  -0142.6 3390.2  
2496.9  -0225.5 3374.0  
2371.1  -0159.2 3357.7  
2463.2  -0109.4 3343.8  
1855.0  -0126.0 3321.7  
1887.2  0006.6  3302.9  
1903.4  -0043.1 3283.7  
1718.5  0089.5  3264.9  
1766.5  0089.5  3246.9  
1710.5  0172.4  3230.1  
1822.8  0172.4  3215.0  
1846.9  0238.8  3201.7  
1960.0  0255.3  3190.4  
2025.0  0106.1  3177.2  
2025.0  0189.0  3165.7  
1726.5  0072.9  3148.2  
2123.1  0139.3  3137.5  
2354.4  0089.5  3129.0  
1984.4  -0043.1 3113.1  
2321.1  0056.3  3103.8  
2321.1  -0026.5 3092.9  
1911.5  -0076.2 3075.9  
1943.8  -0076.2 3059.5  
1935.7  -0076.2 3043.2  
1798.6  -0059.7 3025.6  
1782.6  -0092.8 3007.5  
1638.7  -0026.5 2988.9  
1798.6  -0043.1 2972.4  
1495.9  0006.6  2953.1  
1575.1  0039.8  2935.8  
1766.5  -0026.5 2919.9  
1464.3  -0076.2 2899.2  
1464.3  -0059.7 2879.2  
1710.5  0006.6  2863.9  
1614.8  -0009.9 2847.3  
1519.6  -0043.1 2829.0  
2074.0  -0043.1 2818.2  
1694.5  -0208.9 2799.3  
1575.1  -0175.7 2779.7  
1702.5  -0242.1 2760.7  
1559.2  -0208.9 2740.8  
1417.0  -0175.7 2719.9  
1220.8  -0208.9 2696.1  
1018.3  -0126.0 2671.5  
1002.8  -0126.0 2647.1  
0940.8  -0026.5 2624.1  
0987.3  -0059.7 2601.4  
0609.2  0023.2  2575.6  
0524.7  0089.5  2550.4  
0593.8  0089.5  2526.5  
0517.1  0205.6  2504.1  
0532.4  0155.8  2481.2  
0578.5  0205.6  2460.2  
0432.8  0238.8  2438.3  
0555.4  0172.4  2416.9  
0747.7  0255.3  2400.0  
0724.6  0172.4  2381.3  
0809.4  0205.6  2364.7  
0855.7  0139.3  2347.6  
0770.8  0106.1  2329.0  
1064.9  0172.4  2315.7  
0763.1  0006.6  2295.4  
0663.0  -0026.5 2273.4  
0616.9  -0009.9 2251.5  
0501.7  0039.8  2229.2  
0379.1  0056.3  2206.0  
0165.0  0072.9  2180.6  
0103.9  0106.1  2155.4  
0264.4  0155.8  2133.6  
0004.5  0189.0  2109.3  
0019.8  0238.8  2086.5  
0172.6  0288.5  2067.0  
-0171.1 0271.9  2042.9  
-0110.0 0288.5  2020.3  
-0056.5 0354.8  2000.0  
-0094.7 0255.3  1977.5  
0142.1  0305.1  1959.3  
0432.8  0321.7  1945.6  
0012.2  0222.2  1924.6  
0340.9  0305.1  1909.7  
0601.5  0205.6  1896.6  
0340.9  0139.3  1878.9  
0218.5  0089.5  1858.8  
0279.7  0089.5  1839.8  
0073.3  0039.8  1817.3  
-0087.0 0023.2  1792.7  
-0003.0 0106.1  1771.2  
-0087.0 0039.8  1747.5  
-0178.7 0139.3  1724.9  
-0102.3 0189.0  1704.6  
-0278.1 0106.1  1680.6  
-0194.0 0205.6  1660.0  
0050.4  0122.7  1641.3  
-0224.6 0222.2  1621.1  
-0232.3 0222.2  1601.1  
-0125.2 0238.8  1583.1  
-0110.0 0222.2  1565.2  
-0132.9 0139.3  1545.6  
-0194.0 0139.3  1525.5  
0012.2  0072.9  1507.0  
-0201.7 0089.5  1486.3  
-0094.7 0106.1  1467.6  
0019.8  0006.6  1448.7  
-0132.9 0039.8  1428.7  
-0110.0 -0076.2 1406.9  
-0262.8 -0043.1 1384.1  
-0232.3 -0109.4 1360.7  
-0339.3 -0076.2 1336.8  
-0377.6 -0076.2 1312.7  
-0354.6 -0059.7 1289.6  
-0446.5 -0009.9 1266.6  
-0561.6 -0043.1 1241.7  
-0576.9 0023.2  1218.2  
-0576.9 0056.3  1195.7  
-0461.9 0006.6  1174.0  
-0469.5 0106.1  1154.5  
-0469.5 0056.3  1134.2  
-0569.3 0122.7  1114.2  
-0523.2 0072.9  1094.1  
-0477.2 0056.3  1074.6  
-0507.9 0072.9  1055.2  
-0492.5 -0026.5 1034.3  
-0515.5 0023.2  1014.4  
-0415.9 -0059.7 0994.4  
-0385.3 -0043.1 0975.4  
-0362.3 -0059.7 0956.6  
-0415.9 -0175.7 0935.1  
-0469.5 -0126.0 0914.1  
-0446.5 -0242.1 0891.4  
-0600.0 -0225.5 0867.3  
-0484.9 -0159.2 0846.4  
-0730.7 -0175.7 0822.2  
-0784.7 -0109.4 0798.9  
-0607.7 -0126.0 0777.9  
-0784.7 -0043.1 0756.5  
-0861.9 -0059.7 0734.0  
-0877.3 0039.8  0713.6  
-0823.3 0089.5  0695.1  
-0707.6 0072.9  0678.1  
-0692.2 0155.8  0663.2  
-0676.8 0072.9  0647.0  
-0576.9 0155.8  0634.0  
-0630.7 0072.9  0618.8  
-0661.5 0089.5  0603.7  
-0576.9 0072.9  0589.6  
-0676.8 0023.2  0573.4  
-0676.8 0056.3  0558.0  
-0761.6 -0009.9 0540.5  
-0707.6 -0026.5 0523.5  
-0807.8 -0026.5 0505.5  
-0923.7 -0159.2 0483.5  
-0947.0 -0126.0 0462.2  
-1094.5 -0142.6 0438.9  
-1164.6 -0059.7 0416.7  
-1250.5 -0059.7 0393.6  
-1164.6 0023.2  0373.5  
-0692.2 -0009.9 0359.3  
-4698.7 -0358.2 0285.7  
-6170.6 0122.7  0203.2  
-1305.3 0902.1  0201.1  
-2469.9 0819.2  0182.1  
-3614.7 1051.4  0152.9  
-1926.0 1316.7  0151.6  
-1086.7 1233.8  0159.6  
-1227.0 1001.6  0161.2  
-1431.1 0918.7  0158.3  
-0838.7 0719.7  0159.4  
-2195.4 0388.0  0136.1  
-0477.2 0603.6  0139.9  
-1861.4 0189.0  0117.3  
-2253.2 0321.7  0092.5  
-1789.0 0288.5  0073.4  
-1597.3 0388.0  0059.1  
-1494.3 0454.3  0047.7  
-1645.1 0388.0  0033.0  
-1661.0 0404.6  0018.7  
-1573.5 0354.8  0004.8  
-1415.4 0371.4  -0006.5 
-1565.6 0338.3  -0020.3 
-1684.9 0421.2  -0033.9 
-1071.1 0487.5  -0037.9 
-1352.4 0371.4  -0047.9 
-0892.8 0388.0  -0051.3 
-0861.9 0222.2  -0057.6 
-1117.8 0139.3  -0068.8 
-0861.9 0155.8  -0076.2 
-0846.4 0056.3  -0085.2 
-1102.2 0006.6  -0098.4 
-0939.2 -0059.7 -0110.7 
-0861.9 -0109.4 -0122.7 
-0854.1 -0258.7 -0137.4 
-0869.6 -0126.0 -0149.6 
-0877.3 -0192.3 -0162.9 
-0707.6 -0242.1 -0174.9 
-0431.2 -0192.3 -0182.1 
-0815.5 -0374.7 -0197.8 
-0807.8 -0325.0 -0212.2 
-1149.0 -0358.2 -0231.6 
-1684.9 -0374.7 -0258.1 
-1845.3 -0192.3 -0282.8 
-1708.9 -0059.7 -0302.8 
-1677.0 0072.9  -0319.4 
-1716.9 0139.3  -0335.0 
-1565.6 0255.3  -0346.2 
-1164.6 0321.7  -0350.6 
-0947.0 0255.3  -0353.4 
-0869.6 0255.3  -0355.2 
-0753.8 0122.7  -0358.0 
-0592.3 0056.3  -0359.9 
-0515.5 -0076.2 -0363.5 
-0947.0 -0275.2 -0376.6 
-1024.5 -0258.7 -0390.2 
-1234.9 -0325.0 -0407.8 
-1415.4 -0225.5 -0425.5 
-1462.7 -0092.8 -0441.0 
-1581.5 0006.6  -0455.8 
-1541.8 0106.1  -0468.0 
-1352.4 0122.7  -0477.2 
-1360.3 0155.8  -0485.8 
-1110.0 0139.3  -0491.2 
-0970.2 0139.3  -0494.8 
-0861.9 0089.5  -0497.9 
-0939.2 -0026.5 -0504.2 
-0877.3 -0009.9 -0509.3 
-1009.0 -0142.6 -0518.7 
-1125.6 -0109.4 -0528.8 
-1156.8 -0092.8 -0538.9 
-1258.3 -0092.8 -0550.2 
-1305.3 -0009.9 -0560.3 
-1439.0 -0026.5 -0572.4 
-1391.8 0039.8  -0582.4 
-1383.9 0023.2  -0592.5 
-1250.5 0089.5  -0599.4 
-1149.0 0106.1  -0604.5 
-1040.0 0023.2  -0609.8 
-0993.5 0039.8  -0614.1 
-0947.0 0006.6  -0618.3 
-1001.2 -0026.5 -0623.9 
-0892.8 -0076.2 -0628.9 
-1055.6 -0092.8 -0636.4 
-1203.6 -0076.2 -0645.3 
-1195.8 -0142.6 -0655.4 
-1313.2 -0059.7 -0665.2 
-1321.0 -0076.2 -0675.4 
-1439.0 -0009.9 -0685.6 
-1242.7 0039.8  -0692.1 
-1219.2 0023.2  -0698.6 
-1156.8 0089.5  -0702.9 
-1102.2 0023.2  -0707.7 
-1102.2 0056.3  -0711.8 
-1016.7 0023.2  -0715.3 
-0985.7 -0009.9 -0719.1 
-0939.2 0006.6  -0721.8 
-0885.1 -0059.7 -0725.2 
-1219.2 -0043.1 -0732.5 
-1102.2 -0142.6 -0740.2 
-1078.9 -0059.7 -0745.8 
-1313.2 -0026.5 -0753.8 
-1297.5 -0043.1 -0761.8 
-1250.5 0023.2  -0767.8 
-1242.7 0006.6  -0773.9 
-1227.0 0106.1  -0777.8 
-1164.6 0023.2  -0782.4 
-1125.6 0006.6  -0786.8 
-1164.6 0023.2  -0791.3 
-1125.6 -0026.5 -0796.2 
-1078.9 0039.8  -0799.1 
-1125.6 -0043.1 -0804.3 
-1063.3 0006.6  -0807.6 
-1133.4 0006.6  -0811.7 
-1172.4 -0059.7 -0817.7 
-1242.7 0006.6  -0823.1 
-1250.5 -0043.1 -0829.6 
-1258.3 0039.8  -0834.4 
-1188.0 0023.2  -0838.6 
-1195.8 0039.8  -0842.5 
-1195.8 0072.9  -0845.8 
-1195.8 0006.6  -0850.2 
-1102.2 0056.3  -0852.4 
-1125.6 -0043.1 -0856.9 
-1110.0 -0009.9 -0860.4 
-1055.6 0006.6  -0862.8 
-1102.2 -0043.1 -0866.8 
-1133.4 -0009.9 -0870.5 
-1219.2 -0059.7 -0876.3 
-1211.4 -0009.9 -0880.9 
-1195.8 -0043.1 -0885.9 
-1227.0 -0009.9 -0890.6 
-1188.0 0023.2  -0894.0 
-1149.0 -0009.9 -0897.6 
-1266.2 0056.3  -0901.3 
-1219.2 -0009.9 -0905.7 
-1086.7 0006.6  -0908.0 
-1016.7 0006.6  -0909.3 
-1141.2 -0043.1 -0913.2 
-1055.6 0006.6  -0914.9 
-1172.4 -0059.7 -0919.5 
-1086.7 -0009.9 -0921.9 
-1102.2 -0092.8 -0926.1 
-1266.2 -0009.9 -0930.7 
-1110.0 -0026.5 -0933.6 
-1274.0 -0043.1 -0939.0 
-1203.6 0006.6  -0942.3 
-1149.0 -0026.5 -0945.5 
-1180.2 0023.2  -0948.2 
-1117.8 0056.3  -0949.3 
-1125.6 -0009.9 -0951.8 
-1040.0 0056.3  -0951.9 
-1040.0 -0076.2 -0954.5 
-1094.5 -0026.5 -0956.9 
-1219.2 -0076.2 -0961.8 
-1156.8 -0026.5 -0964.9 
-1094.5 -0009.9 -0966.8 
-1149.0 -0059.7 -0970.4 
-1258.3 -0026.5 -0974.7 
-1164.6 -0026.5 -0977.7 
-1188.0 -0009.9 -0980.7 
-1125.6 0023.2  -0982.2 
-1164.6 -0009.9 -0984.7 
-1172.4 0039.8  -0986.4 
-1133.4 -0009.9 -0988.6 
-1234.9 0023.2  -0991.3 
-1063.3 0023.2  -0991.8 
-1055.6 0006.6  -0992.5 
-1133.4 0023.2  -0993.9 
-1242.7 -0043.1 -0998.1 
-1203.6 0006.6  -1000.6 
-1133.4 -0009.9 -1002.6 
-1180.2 0023.2  -1004.5 
-1266.2 0023.2  -1007.4 
-1211.4 -0043.1 -1011.0 
-1149.0 0039.8  -1012.0 
-1219.2 -0043.1 -1015.6 
-1117.8 0023.2  -1016.5 
-1141.2 -0026.5 -1018.6 
-1180.2 0039.8  -1020.0 
-1141.2 0039.8  -1020.8 
-1110.0 -0026.5 -1022.5 
-1195.8 0023.2  -1024.3 
-1156.8 -0059.7 -1027.2 
-1227.0 0023.2  -1029.4 
-1117.8 0006.6  -1030.4 
-1156.8 -0009.9 -1032.3 
-1102.2 0023.2  -1032.7 
-1156.8 -0009.9 -1034.6 
-1227.0 0006.6  -1037.0 
-1195.8 0006.6  -1038.9 
-1234.9 0006.6  -1041.4 
-1086.7 0072.9  -1040.5 
-1195.8 0006.6  -1042.4 
-1149.0 0039.8  -1043.1 
-1195.8 -0026.5 -1045.6 
-1195.8 0023.2  -1047.1 
-1094.5 0023.2  -1047.3 
-1172.4 -0059.7 -1050.1 
-1047.8 0006.6  -1049.9 
-1117.8 -0043.1 -1051.7 
-1258.3 -0026.5 -1054.9 
-1141.2 -0026.5 -1056.6 
-1188.0 0023.2  -1057.9 
-1117.8 0006.6  -1058.5 
-1149.0 -0043.1 -1060.6 
-1133.4 -0009.9 -1061.7 
-1133.4 -0026.5 -1063.2 
-1156.8 0006.6  -1064.3 
-1055.6 -0026.5 -1064.7 
-1172.4 -0026.5 -1066.6 
-1188.0 -0009.9 -1068.4 
-1258.3 -0059.7 -1072.1 
-1180.2 -0009.9 -1073.7 
-1009.0 -0026.5 -1073.4 
-1188.0 0006.6  -1074.8 
-1117.8 0023.2  -1074.9 
-1172.4 -0043.1 -1077.0 
-1117.8 -0009.9 -1077.7 
-1211.4 -0043.1 -1080.3 
-1164.6 -0009.9 -1081.6 
-1156.8 0023.2  -1082.2 
-1234.9 -0076.2 -1085.7 
-1133.4 0006.6  -1086.2 
-1094.5 -0043.1 -1087.2 
-1117.8 0039.8  -1086.8 
-1102.2 -0009.9 -1087.2 
-1242.7 -0009.9 -1089.4 
-1149.0 -0009.9 -1090.4 
-1195.8 -0026.5 -1092.3 
-1188.0 0006.6  -1093.4 
-1125.6 -0043.1 -1094.7 
-1211.4 0023.2  -1095.8 
-1110.0 0039.8  -1095.2 
-1156.8 -0026.5 -1096.5 
-1164.6 0006.6  -1097.3 
-1149.0 -0059.7 -1099.1 
-1172.4 0023.2  -1099.6 
-1125.6 0006.6  -1099.9 
-1149.0 0006.6  -1100.4 
-1078.9 0023.2  -1099.6 
-1242.7 -0043.1 -1102.4 
-1172.4 0039.8  -1102.5 
-1219.2 -0043.1 -1104.9 
-1195.8 0006.6  -1105.9 
-1133.4 0039.8  -1105.5 
-1125.6 -0009.9 -1106.0 
-1102.2 0006.6  -1105.8 
-1102.2 -0059.7 -1106.9 
-1117.8 0023.2  -1106.6 
-1203.6 -0009.9 -1108.1 
-1156.8 0023.2  -1108.3 
-1141.2 0006.6  -1108.6 
-1164.6 -0026.5 -1109.8 
-1172.4 0023.2  -1110.2 
-1180.2 -0009.9 -1111.3 
-1125.6 0006.6  -1111.4 
-1133.4 0006.6  -1111.5 
-1156.8 -0026.5 -1112.7 
-1164.6 0039.8  -1112.5 
-1055.6 -0043.1 -1112.7 
-1172.4 0039.8  -1112.7 
-1156.8 0039.8  -1112.4 
-1078.9 0023.2  -1111.5 
-1164.6 -0009.9 -1112.4 
-1250.5 -0059.7 -1115.4 
-1102.2 0006.6  -1115.1 
-1188.0 -0043.1 -1116.9 
-1156.8 0006.6  -1117.3 
-1117.8 0023.2  -1116.9 
-1195.8 -0043.1 -1118.8 
-1117.8 0023.2  -1118.3 
-1156.8 -0059.7 -1120.0 
-1149.0 0006.6  -1120.2 
-1242.7 -0043.1 -1122.7 
-1156.8 0006.6  -1123.0 
-1086.7 0006.6  -1122.4 
-1117.8 -0043.1 -1123.2 
-1172.4 -0026.5 -1124.4 
-1227.0 -0059.7 -1126.9 
-1289.7 0023.2  -1128.6 
-1133.4 0006.6  -1128.5 
-1086.7 -0026.5 -1128.5 
-1040.0 0023.2  -1126.9 
-1242.7 -0009.9 -1128.6 
-1188.0 0006.6  -1129.2 
-1141.2 -0009.9 -1129.6 
-1195.8 -0009.9 -1130.7 
-1102.2 0039.8  -1129.5 
-1078.9 -0026.5 -1129.3 
-1102.2 0023.2  -1128.5 
-1133.4 -0043.1 -1129.4 
-1234.9 0006.6  -1130.7 
-1149.0 -0009.9 -1131.1 
-1086.7 -0059.7 -1131.7 
-1203.6 -0009.9 -1132.9 
-1172.4 -0059.7 -1134.6 
-1164.6 -0308.4 -1141.1 
-1149.0 -0059.7 -1142.3 
-1211.4 -0291.8 -1149.0 
-1203.6 -0374.7 -1157.1 
-1188.0 -0043.1 -1158.4 
-1203.6 -0424.5 -1167.4 
-1110.0 -0026.5 -1167.1 
-1094.5 0023.2  -1165.7 
-1164.6 0006.6  -1165.6 
-1164.6 -0026.5 -1166.1 
-1141.2 0023.2  -1165.3 
-1094.5 -0026.5 -1164.9 
-1149.0 -0009.9 -1164.9 
-1180.2 -0009.9 -1165.3 
-1188.0 0023.2  -1165.1 
-1188.0 0023.2  -1164.9 
-1149.0 -0026.5 -1165.3 
-1164.6 0023.2  -1164.8 
-1234.9 -0026.5 -1166.2 
-1149.0 0039.8  -1165.2 
-1125.6 0023.2  -1164.2 
-1149.0 -0043.1 -1164.9 
-1141.2 0023.2  -1164.1 
-1203.6 -0043.1 -1165.5 
-1242.7 0039.8  -1165.7 
-1164.6 0023.2  -1165.3 
-1133.4 0023.2  -1164.4 
-1071.1 0006.6  -1163.0 
-1149.0 -0043.1 -1163.7 
-1094.5 0023.2  -1162.3 
-1219.2 -0026.5 -1163.6 
-1195.8 0023.2  -1163.6 
-1180.2 0023.2  -1163.3 
-1094.5 0006.6  -1162.3 
-1009.0 0023.2  -1159.8 
-1203.6 -0059.7 -1161.6 
-1156.8 0023.2  -1161.0 
-1219.2 -0076.2 -1163.3 
-1219.2 0023.2  -1163.6 
-1211.4 0006.6  -1164.1 
-1149.0 -0026.5 -1164.4 
-1164.6 0006.6  -1164.3 
-1274.0 -0059.7 -1166.9 
-1180.2 0006.6  -1166.9 
-1180.2 0006.6  -1167.0 
-1141.2 -0059.7 -1167.8 
-1188.0 0006.6  -1168.0 
-1156.8 -0059.7 -1169.0 
-1133.4 -0009.9 -1168.7 
-1133.4 -0009.9 -1168.4 
-1211.4 -0009.9 -1169.2 
-1188.0 -0009.9 -1169.7 
-1141.2 -0043.1 -1170.1 
-1172.4 0039.8  -1169.4 
-1250.5 -0059.7 -1171.6 
-1110.0 0023.2  -1170.4 
-1188.0 0023.2  -1170.1 
-1149.0 -0043.1 -1170.7 
-1071.1 -0009.9 -1169.6 
-1180.2 -0059.7 -1170.9 
-1180.2 -0009.9 -1171.2 
-1478.5 0039.8  -1174.5 
-1180.2 0006.6  -1174.4 
-1328.9 -0009.9 -1176.6 
-1156.8 -0043.1 -1177.2 
-1172.4 0039.8  -1176.4 
-1188.0 -0059.7 -1177.7 
-1102.2 -0009.9 -1176.9 
-1125.6 0006.6  -1176.1 
-1141.2 -0026.5 -1176.2 
-1172.4 0039.8  -1175.3 
-1149.0 -0059.7 -1176.2 
-1227.0 0006.6  -1176.7 
-1149.0 -0026.5 -1176.9 
-1188.0 0023.2  -1176.6 
-1195.8 0039.8  -1176.0 
-1156.8 -0026.5 -1176.3 
-1258.3 0039.8  -1176.6 
-1047.8 0023.2  -1174.4 
-1305.3 0006.6  -1176.0 
-1149.0 -0009.9 -1175.9 
-1156.8 -0043.1 -1176.5 
-1117.8 0006.6  -1175.6 
-1227.0 -0009.9 -1176.4 
-1211.4 0023.2  -1176.4 
-1149.0 0006.6  -1175.9 
-1203.6 0072.9  -1174.9 
-1219.2 0006.6  -1175.3 
-1102.2 -0009.9 -1174.6 
-1164.6 0023.2  -1174.0 
-1164.6 -0009.9 -1174.0 
-1211.4 0039.8  -1173.7 
-1195.8 0023.2  -1173.6 
-1172.4 -0059.7 -1174.7 
-1234.9 0023.2  -1175.1 
-1156.8 -0059.7 -1176.0 
-1242.7 0056.3  -1175.8 
-1164.6 -0026.5 -1176.2 
-1227.0 0023.2  -1176.4 
-1164.6 0039.8  -1175.4 
-1133.4 -0026.5 -1175.4 
-1172.4 0023.2  -1174.9 
-1149.0 -0043.1 -1175.4 
-1117.8 0023.2  -1174.2 
-1102.2 0039.8  -1172.5 
-1180.2 -0059.7 -1173.7 
-1180.2 -0009.9 -1174.0 
-1188.0 -0009.9 -1174.4 
-1195.8 0056.3  -1173.6 
-1203.6 -0043.1 -1174.8 
-1242.7 -0009.9 -1175.9 
-1117.8 0039.8  -1174.4 
-1180.2 -0026.5 -1175.0 
-1156.8 0023.2  -1174.3 
-1141.2 -0059.7 -1175.0 
-1078.9 -0009.9 -1173.9 
-1078.9 -0009.9 -1172.9 
-1102.2 -0043.1 -1172.8 
-1071.1 -0009.9 -1171.7 
-1117.8 -0043.1 -1171.8 
-1227.0 0039.8  -1171.7 
-1125.6 -0026.5 -1171.7 
-1164.6 0006.6  -1171.4 
-1078.9 0006.6  -1170.1 
-1227.0 -0059.7 -1172.0 
-1234.9 0023.2  -1172.4 
-1266.2 -0026.5 -1174.1 
-1078.9 0006.6  -1172.8 
-1149.0 -0026.5 -1173.0 
-1195.8 -0026.5 -1173.8 
-1188.0 0006.6  -1173.8 
-1172.4 -0026.5 -1174.3 
-1172.4 -0009.9 -1174.5 
-1242.7 -0059.7 -1176.6 
-1094.5 0023.2  -1175.1 
-1211.4 -0009.9 -1175.7 
-1102.2 -0009.9 -1175.0 
-1211.4 0006.6  -1175.3 
-1195.8 -0059.7 -1176.8 
-1125.6 0023.2  -1175.6 
-1164.6 0023.2  -1175.0 
-1258.3 -0076.2 -1177.6 
-1180.2 0023.2  -1177.2 
-1180.2 -0009.9 -1177.4 
-1195.8 0039.8  -1176.9 
-1141.2 -0026.5 -1176.9 
-1156.8 0006.6  -1176.5 
-1125.6 0006.6  -1175.7 
-1125.6 -0026.5 -1175.6 
-1211.4 0023.2  -1175.6 
-1164.6 -0026.5 -1176.0 
-1188.0 0023.2  -1175.7 
-1164.6 0023.2  -1175.1 
-1117.8 -0059.7 -1175.5 
-1227.0 0023.2  -1175.7 
-1234.9 -0009.9 -1176.7 
-1211.4 0023.2  -1176.7 
-1133.4 -0009.9 -1176.3 
-1188.0 -0009.9 -1176.7 
-1133.4 0039.8  -1175.3 
-1102.2 -0026.5 -1174.9 
-1203.6 0006.6  -1175.1 
-1133.4 -0059.7 -1175.8 
-1258.3 0023.2  -1176.4 
-1156.8 0023.2  -1175.7 
-1149.0 -0009.9 -1175.5 
-1149.0 0023.2  -1174.7 
-1227.0 -0043.1 -1176.3 
-1266.2 0023.2  -1177.0 
-1141.2 -0009.9 -1176.7 
-1195.8 0023.2  -1176.5 
-1125.6 0023.2  -1175.4 
-1188.0 -0059.7 -1176.7 
-1055.6 0023.2  -1174.7 
-1133.4 -0043.1 -1175.0 
-1125.6 0006.6  -1174.2 
-1110.0 0023.2  -1172.9 
-1242.7 -0059.7 -1175.0 
-1141.2 0006.6  -1174.4 
-1195.8 -0026.5 -1175.2 
-1219.2 0023.2  -1175.3 
-1078.9 0056.3  -1173.0 
-1242.7 0006.6  -1173.7 
-1156.8 -0009.9 -1173.7 
-1164.6 -0059.7 -1174.8 
-1180.2 0006.6  -1174.7 
-1203.6 -0043.1 -1175.9 
-1164.6 0006.6  -1175.7 
-1149.0 0023.2  -1174.9 
-1180.2 -0009.9 -1175.1 
-1203.6 0023.2  -1175.0 
-1156.8 -0059.7 -1176.0 
-1125.6 0023.2  -1174.9 
-1117.8 0006.6  -1174.0 
-1234.9 -0009.9 -1175.0 
-1133.4 -0026.5 -1174.9 
-1156.8 -0043.1 -1175.6 
-1055.6 0006.6  -1173.8 
-1156.8 -0009.9 -1173.8 
-1188.0 0023.2  -1173.5 
-1094.5 0023.2  -1172.0 
-1125.6 -0026.5 -1172.0 
-1125.6 0006.6  -1171.2 
-1071.1 -0043.1 -1170.8 
-1117.8 0023.2  -1169.6 
-1227.0 0006.6  -1170.2 
-1149.0 0006.6  -1169.8 
-1141.2 0006.6  -1169.3 
-1125.6 -0026.5 -1169.3 
-1180.2 0039.8  -1168.6 
-1195.8 -0009.9 -1169.2 
-1195.8 0039.8  -1168.7 
-1203.6 0023.2  -1168.7 
-1195.8 -0026.5 -1169.6 
-1125.6 0006.6  -1168.9 
-1094.5 -0092.8 -1169.8 
-1203.6 0023.2  -1169.7 
-1164.6 0006.6  -1169.5 
-1164.6 0039.8  -1168.7 
-1086.7 0006.6  -1167.5 
-1219.2 -0026.5 -1168.7 
 