-0132.9 0189.0  -1130.6 
-0201.7 0255.3  -1122.9 
-0262.8 0189.0  -1124.9 
-0155.8 0238.8  -1115.9 
-0308.7 0155.8  -1123.5 
-0339.3 0288.5  -1121.0 
-0362.3 0056.3  -1140.5 
-0400.6 0122.7  -1155.3 
-0546.2 0155.8  -1175.9 
-0469.5 0321.7  -1177.4 
-0370.0 0255.3  -1179.4 
-0515.5 0205.6  -1194.1 
-0538.6 0388.0  -1193.8 
-0362.3 0238.8  -1196.9 
-0377.6 0255.3  -1198.8 
-0400.6 0222.2  -1204.9 
-0370.0 0238.8  -1207.6 
-0239.9 0205.6  -1205.6 
-0308.7 0122.7  -1214.7 
-0270.5 0155.8  -1218.2 
-0354.6 0222.2  -1220.9 
-0301.1 0155.8  -1226.6 
-0331.7 0139.3  -1235.1 
-0515.5 0155.8  -1252.8 
-0553.9 0437.8  -1248.1 
-0415.9 0172.4  -1259.5 
-0270.5 0222.2  -1256.8 
-0454.2 0288.5  -1259.4 
-0423.6 0354.8  -1254.7 
-0415.9 0338.3  -1251.3 
-0400.6 0271.9  -1252.7 
-0316.4 0155.8  -1259.0 
-0484.9 0338.3  -1258.8 
-0530.9 0288.5  -1266.3 
-0446.5 0288.5  -1268.6 
-0454.2 0288.5  -1271.3 
-0370.0 0255.3  -1271.9 
-0339.3 0255.3  -1270.6 
-0331.7 0255.3  -1268.8 
-0385.3 0139.3  -1280.2 
-0370.0 0388.0  -1268.6 
-0293.4 0338.3  -1257.9 
-0408.2 0271.9  -1259.7 
-0423.6 0288.5  -1260.6 
-0461.9 0371.4  -1256.7 
-0446.5 0155.8  -1271.0 
-0301.1 0189.0  -1272.8 
-0385.3 0172.4  -1281.0 
-0362.3 0155.8  -1289.2 
-0324.0 0155.8  -1295.0 
-0354.6 0255.3  -1293.8 
-0331.7 0205.6  -1296.0 
-0331.7 0139.3  -1303.7 
-0408.2 0222.2  -1308.4 
-0339.3 0189.0  -1312.2 
-0431.2 0371.4  -1305.3 
-0377.6 0172.4  -1313.4 
-0385.3 0288.5  -1311.0 
-0377.6 0288.5  -1308.6 
-0278.1 0388.0  -1291.7 
-0339.3 0189.0  -1296.4 
-0270.5 0238.8  -1291.8 
-0132.9 0139.3  -1288.0 
-0247.5 0454.3  -1263.3 
-0324.0 0172.4  -1269.1 
-0285.8 0155.8  -1273.0 
-0385.3 0222.2  -1276.8 
-0339.3 0172.4  -1282.4 
-0255.2 0288.5  -1272.8 
-0484.9 0139.3  -1290.2 
-0461.9 0437.8  -1279.5 
-0385.3 0106.1  -1294.4 
-0377.6 0238.8  -1295.8 
-0523.2 0189.0  -1310.7 
-0385.3 0321.7  -1305.5 
-0423.6 0271.9  -1307.4 
-0339.3 0089.5  -1320.0 
-0477.2 0321.7  -1319.7 
-0454.2 0155.8  -1333.3 
-0415.9 0222.2  -1338.1 
-0523.2 0172.4  -1353.7 
-0209.3 0288.5  -1340.4 
-0362.3 0271.9  -1338.1 
-0285.8 0321.7  -1327.0 
-0324.0 0271.9  -1322.7 
-0492.5 0271.9  -1328.3 
-0331.7 0155.8  -1334.4 
-0293.4 0288.5  -1326.2 
-0446.5 0321.7  -1324.8 
-0392.9 0189.0  -1331.9 
-0477.2 0388.0  -1326.0 
-0576.9 0487.5  -1318.2 
-0362.3 0122.7  -1330.0 
-0477.2 0155.8  -1344.1 
-0515.5 0371.4  -1341.6 
-0324.0 0271.9  -1337.4 
-0538.6 0271.9  -1345.5 
-0370.0 0321.7  -1339.2 
-0415.9 0321.7  -1335.9 
-0423.6 0288.5  -1336.0 
-0301.1 0139.3  -1341.7 
-0515.5 0271.9  -1347.8 
-0301.1 0338.3  -1336.0 
-0377.6 0338.3  -1329.2 
-0392.9 0255.3  -1330.5 
-0454.2 0371.4  -1325.0 
-0546.2 0388.0  -1324.0 
-0469.5 0487.5  -1310.0 
-0362.3 0255.3  -1310.3 
-0469.5 0222.2  -1319.0 
-0446.5 0421.2  -1308.8 
-0415.9 0255.3  -1312.0 
-0370.0 0139.3  -1322.0 
-0484.9 0305.1  -1323.7 
-0400.6 0404.6  -1312.5 
-0454.2 0172.4  -1325.1 
-0438.9 0470.9  -1309.8 
-0400.6 0338.3  -1305.2 
-0469.5 0238.8  -1312.8 
-0461.9 0288.5  -1315.2 
-0408.2 0371.4  -1307.3 
-0546.2 0205.6  -1322.4 
-0377.6 0338.3  -1315.2 
-0415.9 0205.6  -1322.4 
-0484.9 0172.4  -1335.9 
-0500.2 0205.6  -1347.1 
-0569.3 0222.2  -1360.9 
-0446.5 0338.3  -1357.3 
-0415.9 0305.1  -1355.3 
-0507.9 0371.4  -1352.8 
-0561.6 0189.0  -1369.6 
-0354.6 0271.9  -1366.1 
-0446.5 0189.0  -1375.5 
-0446.5 0155.8  -1387.4 
-0454.2 0338.3  -1383.6 
-0377.6 0271.9  -1381.8 
-0477.2 0255.3  -1387.1 
-0477.2 0338.3  -1385.0 
-0392.9 0205.6  -1389.9 
-0446.5 0470.9  -1374.3 
-0553.9 0139.3  -1395.1 
-0339.3 0354.8  -1382.9 
-0347.0 0288.5  -1377.9 
-0438.9 0122.7  -1392.6 
-0293.4 0222.2  -1389.2 
-0569.3 0437.8  -1383.8 
-0370.0 0338.3  -1376.2 
-0484.9 0139.3  -1392.3 
-0484.9 0454.3  -1380.1 
-0217.0 0271.9  -1369.4 
-0500.2 0271.9  -1374.8 
-0270.5 0238.8  -1369.4 
-0469.5 0454.3  -1357.0 
-0446.5 0537.3  -1337.1 
-0347.0 0189.0  -1342.1 
-0217.0 0172.4  -1339.5 
-0354.6 0271.9  -1336.4 
-0247.5 0321.7  -1323.0 
-0255.2 0305.1  -1311.9 
-0270.5 0072.9  -1322.0 
-0331.7 0205.6  -1323.1 
-0454.2 0205.6  -1331.9 
-0530.9 0371.4  -1330.7 
-0461.9 0205.6  -1340.5 
-0569.3 0172.4  -1358.7 
-0431.2 0222.2  -1364.1 
-0408.2 0354.8  -1356.8 
-0438.9 0205.6  -1364.8 
-0354.6 0305.1  -1358.5 
-0431.2 0172.4  -1368.7 
-0469.5 0238.8  -1374.8 
-0484.9 0520.7  -1357.5 
-0224.6 0139.3  -1359.3 
-0232.3 0122.7  -1361.5 
-0347.0 0222.2  -1361.7 
-0385.3 0238.8  -1363.1 
-0492.5 0454.3  -1352.1 
-0400.6 0155.8  -1362.7 
-0415.9 0155.8  -1372.8 
-0255.2 0271.9  -1363.2 
-0500.2 0238.8  -1371.6 
-0354.6 0122.7  -1381.2 
-0461.9 0288.5  -1382.1 
-0454.2 0288.5  -1383.2 
-0370.0 0255.3  -1382.2 
-0454.2 0205.6  -1390.4 
-0477.2 0172.4  -1402.5 
-0285.8 0189.0  -1401.6 
-0576.9 0155.8  -1420.8 
-0293.4 0305.1  -1409.9 
-0431.2 0172.4  -1419.4 
-0239.9 0122.7  -1421.4 
-0331.7 0205.6  -1421.3 
-0178.7 0155.8  -1416.8 
-0324.0 0222.2  -1415.0 
-0354.6 0106.1  -1425.4 
-0285.8 0205.6  -1422.4 
-0331.7 0255.3  -1418.3 
-0339.3 0122.7  -1426.4 
-0278.1 0238.8  -1420.2 
-0408.2 0305.1  -1416.5 
-0454.2 0238.8  -1421.5 
-0415.9 0189.0  -1428.2 
-0469.5 0122.7  -1443.6 
-0370.0 0354.8  -1432.5 
-0285.8 0172.4  -1433.3 
-0331.7 0338.3  -1421.7 
-0262.8 0222.2  -1417.0 
-0339.3 0288.5  -1410.6 
-0546.2 0504.1  -1398.0 
-0224.6 0172.4  -1396.3 
-0553.9 0189.0  -1411.3 
-0530.9 0338.3  -1411.8 
-0546.2 0172.4  -1428.1 
-0285.8 0155.8  -1429.8 
-0354.6 0271.9  -1425.3 
-0492.5 0255.3  -1430.8 
-0339.3 0155.8  -1435.9 
-0523.2 0155.8  -1451.3 
-0354.6 0354.8  -1439.3 
-0347.0 0189.0  -1442.2 
-0178.7 0189.0  -1434.5 
-0415.9 0288.5  -1432.2 
-0461.9 0354.8  -1427.3 
-0377.6 0288.5  -1423.6 
-0469.5 0172.4  -1435.1 
-0477.2 0305.1  -1434.9 
-0423.6 0172.4  -1443.6 
-0492.5 0238.8  -1450.0 
-0324.0 0421.2  -1430.8 
-0408.2 0205.6  -1436.2 
-0347.0 0238.8  -1434.3 
-0454.2 0653.4  -1402.8 
-0400.6 0155.8  -1413.4 
-0362.3 0139.3  -1421.1 
-0331.7 0255.3  -1416.7 
-0600.0 0338.3  -1421.5 
-0607.7 0454.3  -1416.9 
-0561.6 0404.6  -1414.4 
-0431.2 0321.7  -1411.3 
-0530.9 0553.8  -1393.6 
-0484.9 0288.5  -1397.4 
-0293.4 0288.5  -1388.9 
-0201.7 0321.7  -1372.1 
-0194.0 0288.5  -1358.2 
-0354.6 0520.7  -1333.6 
-0362.3 0238.8  -1335.2 
-0285.8 0155.8  -1338.4 
-0285.8 0238.8  -1334.0 
-0515.5 0537.3  -1317.6 
-0484.9 0172.4  -1332.5 
-0385.3 0106.1  -1345.6 
-0370.0 0189.0  -1350.2 
-0484.9 0271.9  -1354.6 
-0270.5 0321.7  -1342.4 
-0316.4 0122.7  -1350.5 
-0400.6 0172.4  -1358.3 
-0553.9 0553.8  -1342.1 
-0438.9 0172.4  -1354.0 
-0370.0 0205.6  -1357.3 
-0523.2 0238.8  -1366.8 
-0477.2 0288.5  -1369.3 
-0454.2 0454.3  -1356.2 
-0469.5 0139.3  -1372.2 
-0224.6 0189.0  -1368.0 
-0500.2 0504.1  -1352.9 
-0492.5 0139.3  -1370.5 
-0308.7 0172.4  -1372.7 
-0507.9 0189.0  -1385.2 
-0507.9 0271.9  -1390.5 
-0646.1 0421.2  -1391.2 
-0646.1 0189.0  -1412.7 
-0538.6 0338.3  -1413.6 
-0392.9 0288.5  -1410.9 
-0477.2 0388.0  -1404.3 
-0454.2 0305.1  -1404.0 
-0469.5 0271.9  -1407.3 
-0339.3 0321.7  -1398.3 
-0347.0 0305.1  -1391.6 
-0354.6 0106.1  -1402.6 
-0377.6 0172.4  -1408.3 
-0354.6 0288.5  -1402.7 
-0484.9 0238.8  -1409.7 
-0438.9 0222.2  -1415.0 
-0561.6 0238.8  -1426.1 
-0461.9 0255.3  -1429.7 
-0454.2 0305.1  -1428.6 
-0377.6 0222.2  -1430.4 
-0576.9 0504.1  -1419.0 
-0392.9 0222.2  -1422.6 
-0454.2 0354.8  -1417.2 
-0331.7 0305.1  -1409.4 
-0438.9 0321.7  -1406.4 
-0377.6 0238.8  -1407.1 
-0415.9 0587.0  -1379.5 
-0461.9 0155.8  -1393.8 
-0438.9 0106.1  -1409.2 
-0538.6 0222.2  -1419.9 
-0255.2 0139.3  -1421.5 
-0484.9 0155.8  -1434.8 
-0438.9 0288.5  -1433.7 
-0400.6 0338.3  -1426.6 
-0438.9 0255.3  -1429.3 
-0171.1 0205.6  -1420.2 
-0461.9 0620.2  -1392.1 
-0301.1 0288.5  -1385.3 
-0385.3 0338.3  -1378.0 
-0392.9 0172.4  -1385.9 
-0285.8 0371.4  -1369.3 
-0285.8 0205.6  -1368.2 
-0293.4 0139.3  -1372.7 
-0523.2 0155.8  -1389.0 
-0339.3 0271.9  -1384.1 
-0515.5 0271.9  -1390.2 
-0446.5 0172.4  -1400.8 
-0308.7 0338.3  -1388.3 
-0347.0 0271.9  -1384.6 
-0217.0 0205.6  -1378.9 
-0469.5 0155.8  -1392.1 
-0438.9 0255.3  -1394.5 
-0408.2 0172.4  -1402.7 
-0362.3 0305.1  -1396.2 
-0262.8 0271.9  -1387.4 
-0546.2 0404.6  -1383.7 
-0538.6 0305.1  -1388.8 
-0408.2 0271.9  -1388.6 
-0270.5 0288.5  -1378.7 
-0392.9 0155.8  -1387.8 
-0293.4 0305.1  -1377.4 
-0492.5 0172.4  -1391.0 
-0392.9 0271.9  -1389.4 
-0392.9 0271.9  -1388.1 
-0492.5 0371.4  -1384.2 
-0354.6 0271.9  -1381.2 
-0278.1 0222.2  -1377.6 
-0247.5 0155.8  -1377.9 
-0347.0 0255.3  -1375.1 
-0431.2 0222.2  -1380.6 
-0385.3 0155.8  -1388.9 
-0469.5 0470.9  -1374.5 
-0553.9 0238.8  -1386.6 
-0331.7 0288.5  -1380.2 
-0500.2 0620.2  -1355.3 
-0247.5 0305.1  -1344.5 
-0546.2 0271.9  -1353.0 
-0232.3 0338.3  -1337.1 
-0377.6 0238.8  -1338.9 
-0438.9 0504.1  -1320.8 
-0347.0 0404.6  -1307.2 
-0461.9 0155.8  -1321.8 
-0438.9 0470.9  -1306.5 
-0347.0 0139.3  -1316.0 
-0370.0 0288.5  -1312.5 
-0492.5 0155.8  -1328.4 
-0339.3 0255.3  -1325.8 
-0362.3 0255.3  -1325.1 
-0553.9 0271.9  -1334.2 
-0339.3 0172.4  -1339.2 
-0592.3 0570.4  -1324.1 
-0423.6 0172.4  -1335.4 
-0155.8 0238.8  -1323.5 
-0339.3 0271.9  -1319.9 
-0331.7 0172.4  -1324.7 
-0500.2 0520.7  -1308.7 
-0370.0 0288.5  -1306.8 
-0247.5 0255.3  -1299.7 
-0354.6 0305.1  -1294.5 
-0423.6 0421.2  -1283.6 
-0370.0 0139.3  -1294.6 
-0347.0 0189.0  -1298.7 
-0331.7 0354.8  -1287.6 
-0423.6 0454.3  -1274.1 
-0408.2 0321.7  -1271.8 
-0316.4 0271.9  -1267.9 
-0408.2 0305.1  -1266.4 
-0469.5 0537.3  -1248.5 
-0132.9 0172.4  -1243.7 
-0324.0 0172.4  -1248.7 
-0270.5 0305.1  -1238.9 
-0431.2 0255.3  -1243.7 
-0308.7 0205.6  -1245.2 
-0324.0 0205.6  -1247.5 
-0362.3 0139.3  -1257.7 
-0308.7 0222.2  -1257.1 
-0232.3 0305.1  -1245.2 
-0301.1 0338.3  -1235.0 
-0454.2 0155.8  -1249.9 
-0339.3 0271.9  -1247.0 
-0362.3 0139.3  -1257.5 
-0385.3 0305.1  -1254.3 
-0339.3 0288.5  -1250.5 
-0469.5 0271.9  -1255.8 
-0270.5 0288.5  -1247.8 
-0308.7 0338.3  -1237.9 
-0285.8 0305.1  -1229.9 
-0507.9 0537.3  -1214.7 
-0316.4 0189.0  -1219.7 
-0285.8 0189.0  -1221.4 
-0316.4 0205.6  -1223.5 
-0232.3 0255.3  -1216.3 
-0377.6 0271.9  -1216.6 
-0316.4 0271.9  -1213.2 
-0461.9 0354.8  -1211.4 
-0477.2 0238.8  -1220.8 
-0469.5 0587.0  -1199.0 
-0408.2 0155.8  -1212.6 
-0224.6 0205.6  -1209.3 
-0362.3 0371.4  -1199.9 
-0484.9 0288.5  -1205.7 
-0324.0 0172.4  -1211.7 
-0438.9 0371.4  -1206.6 
-0400.6 0686.5  -1172.8 
-0431.2 0189.0  -1185.7 
-0370.0 0139.3  -1197.2 
-0385.3 0222.2  -1202.0 
-0278.1 0205.6  -1202.2 
-0431.2 0305.1  -1202.7 
-0308.7 0189.0  -1206.5 
-0370.0 0437.8  -1191.8 
-0331.7 0255.3  -1191.8 
-0255.2 0155.8  -1195.2 
-0339.3 0255.3  -1194.6 
-0255.2 0155.8  -1198.0 
-0400.6 0238.8  -1202.3 
-0178.7 0271.9  -1191.0 
-0515.5 0404.6  -1188.2 
-0530.9 0338.3  -1192.7 
-0469.5 0553.8  -1174.5 
-0431.2 0338.3  -1173.9 
-0331.7 0155.8  -1182.5 
-0316.4 0172.4  -1187.8 
-0331.7 0288.5  -1184.0 
-0293.4 0255.3  -1181.3 
-0270.5 0470.9  -1158.4 
-0308.7 0388.0  -1146.2 
-0438.9 0305.1  -1148.7 
-0163.5 0238.8  -1140.3 
-0232.3 0305.1  -1130.1 
-0308.7 0305.1  -1124.8 
-0446.5 0139.3  -1142.1 
-0262.8 0437.8  -1121.8 
-0546.2 0437.8  -1119.6 
-0370.0 0305.1  -1118.6 
-0370.0 0354.8  -1112.7 
-0316.4 0271.9  -1111.2 
-0546.2 0587.0  -1095.6 
-0477.2 0354.8  -1097.5 
-0362.3 0321.7  -1094.5 
-0461.9 0404.6  -1090.2 
-0316.4 0388.0  -1079.1 
-0446.5 0636.8  -1054.2 
-0385.3 0255.3  -1060.1 
-0278.1 0222.2  -1060.9 
-0408.2 0238.8  -1067.9 
-0561.6 0338.3  -1075.2 
-0308.7 0222.2  -1078.0 
-0362.3 0271.9  -1079.2 
-0408.2 0487.5  -1064.5 
-0232.3 0338.3  -1053.5 
-0377.6 0271.9  -1056.3 
-0331.7 0106.1  -1070.5 
-0270.5 0139.3  -1077.4 
-0370.0 0305.1  -1075.8 
-0354.6 0222.2  -1081.2 
-0454.2 0271.9  -1087.7 
-0354.6 0354.8  -1081.3 
-0446.5 0288.5  -1086.4 
-0339.3 0288.5  -1084.9 
-0523.2 0653.4  -1062.6 
-0293.4 0271.9  -1061.6 
-0239.9 0305.1  -1053.1 
-0446.5 0288.5  -1058.4 
-0492.5 0305.1  -1064.9 
-0438.9 0271.9  -1071.0 
-0438.9 0338.3  -1071.2 
-0546.2 0603.6  -1054.9 
-0515.5 0155.8  -1077.0 
-0316.4 0238.8  -1078.1 
-0438.9 0172.4  -1092.4 
-0385.3 0421.2  -1081.6 
-0461.9 0321.7  -1085.0 
-0392.9 0404.6  -1076.7 
-0224.6 0305.1  -1067.6 
-0431.2 0172.4  -1081.9 
-0308.7 0238.8  -1082.5 
-0408.2 0321.7  -1082.1 
-0469.5 0189.0  -1097.1 
-0423.6 0371.4  -1092.8 
-0500.2 0354.8  -1095.2 
-0347.0 0238.8  -1098.6 
-0507.9 0620.2  -1077.9 
-0377.6 0139.3  -1093.0 
-0278.1 0189.0  -1095.9 
-0324.0 0487.5  -1075.7 
-0308.7 0255.3  -1076.2 
-0308.7 0205.6  -1080.1 
-0377.6 0487.5  -1063.3 
-0461.9 0238.8  -1074.4 
-0232.3 0172.4  -1076.7 
-0316.4 0205.6  -1080.7 
-0377.6 0172.4  -1091.3 
-0408.2 0172.4  -1103.4 
-0247.5 0338.3  -1091.5 
-0308.7 0388.0  -1079.6 
-0507.9 0470.9  -1072.7 
-0385.3 0388.0  -1066.2 
-0308.7 0189.0  -1072.2 
-0217.0 0305.1  -1061.8 
-0523.2 0172.4  -1081.7 
-0362.3 0189.0  -1089.8 
-0423.6 0189.0  -1101.4 
-0461.9 0669.9  -1073.4 
-0477.2 0338.3  -1077.4 
-0523.2 0354.8  -1081.3 
-0446.5 0703.1  -1050.4 
-0477.2 0222.2  -1064.9 
-0392.9 0172.4  -1076.7 
-0339.3 0189.0  -1083.5 
-0477.2 0338.3  -1085.4 
-0377.6 0338.3  -1082.1 
-0392.9 0470.9  -1068.1 
-0469.5 0752.9  -1035.0 
-0247.5 0139.3  -1043.6 
-0385.3 0255.3  -1047.7 
-0347.0 0189.0  -1055.6 
-0385.3 0172.4  -1067.0 
-0347.0 0238.8  -1070.0 
-0385.3 0305.1  -1069.8 
-0423.6 0338.3  -1069.3 
-0347.0 0189.0  -1077.3 
-0331.7 0205.6  -1082.3 
-0553.9 0520.7  -1073.0 
-0600.0 0321.7  -1085.0 
-0247.5 0255.3  -1081.2 
-0423.6 0437.8  -1071.6 
-0454.2 0388.0  -1069.0 
-0415.9 0338.3  -1068.3 
-0385.3 0238.8  -1074.3 
-0239.9 0189.0  -1075.5 
-0507.9 0189.0  -1092.4 
-0446.5 0205.6  -1103.9 
-0400.6 0271.9  -1106.9 
-0400.6 0371.4  -1101.4 
-0692.2 0371.4  -1113.6 
-0262.8 0404.6  -1097.5 
-0377.6 0238.8  -1102.8 
-0530.9 0620.2  -1083.4 
-0400.6 0155.8  -1098.3 
-0370.0 0155.8  -1109.5 
-0454.2 0189.0  -1122.5 
-0354.6 0354.8  -1115.3 
-0446.5 0454.3  -1105.5 
-0630.7 0786.0  -1078.4 
-0385.3 0238.8  -1086.0 
-0500.2 0189.0  -1102.4 
-0446.5 0537.3  -1085.0 
-0354.6 0288.5  -1085.4 
-0454.2 0305.1  -1089.2 
-0354.6 0504.1  -1069.9 
-0270.5 0454.3  -1051.0 
-0400.6 0636.8  -1024.0 
-0255.2 0122.7  -1034.2 
-0278.1 0122.7  -1043.6 
-0285.8 0238.8  -1043.2 
-0347.0 0255.3  -1045.4 
-0285.8 0288.5  -1041.2 
-0576.9 0338.3  -1050.0 
-0347.0 0288.5  -1049.7 
-0507.9 0155.8  -1070.1 
-0347.0 0106.1  -1084.6 
-0217.0 0155.8  -1086.7 
-0446.5 0189.0  -1099.6
 