1343.0  1379.0  1193.0  1971.4  
1327.0  1376.0  1184.0  1968.7  
1342.0  1384.0  1178.0  1967.1  
1306.0  1380.0  1166.0  1968.1  
1348.0  1372.0  1173.0  1961.9  
1303.0  1374.0  1172.0  1961.3  
1306.0  1373.0  1165.0  1960.1  
1323.0  1384.0  1183.0  1960.6  
1324.0  1374.0  1170.0  1957.8  
1366.0  1414.0  1180.0  1963.5  
1362.0  1377.0  1178.0  1957.5  
1354.0  1409.0  1205.0  1962.9  
1362.0  1379.0  1164.0  1957.5  
1350.0  1407.0  1202.0  1962.7  
1332.0  1383.0  1189.0  1961.9  
1348.0  1415.0  1203.0  1969.9  
1342.0  1391.0  1180.0  1970.5  
1332.0  1401.0  1185.0  1975.5  
1358.0  1385.0  1185.0  1972.3  
1331.0  1385.0  1181.0  1972.2  
1344.0  1378.0  1167.0  1968.3  
1355.0  1366.0  1160.0  1959.4  
1322.0  1368.0  1169.0  1954.8  
1382.0  1384.0  1166.0  1949.1  
1351.0  1378.0  1173.0  1944.8  
1345.0  1382.0  1176.0  1942.5  
1370.0  1377.0  1175.0  1935.9  
1354.0  1400.0  1177.0  1938.7  
1337.0  1379.0  1167.0  1936.4  
1371.0  1395.0  1192.0  1935.6  
1324.0  1384.0  1167.0  1936.4  
1348.0  1370.0  1169.0  1930.0  
1338.0  1385.0  1183.0  1929.7  
1308.0  1385.0  1172.0  1932.6  
1341.0  1389.0  1179.0  1933.2  
1324.0  1382.0  1173.0  1933.4  
1332.0  1409.0  1193.0  1941.5  
1349.0  1376.0  1176.0  1936.9  
1328.0  1409.0  1206.0  1945.4  
1354.0  1386.0  1167.0  1943.4  
1348.0  1405.0  1202.0  1948.3  
1369.0  1397.0  1183.0  1948.3  
1358.0  1403.0  1201.0  1951.5  
1392.0  1386.0  1185.0  1945.3  
1319.0  1394.0  1183.0  1949.8  
1323.0  1368.0  1174.0  1945.2  
1297.0  1381.0  1169.0  1947.8  
1310.0  1377.0  1169.0  1947.7  
1309.0  1380.0  1181.0  1948.6  
1317.0  1364.0  1169.0  1943.4  
1319.0  1385.0  1170.0  1945.0  
1320.0  1384.0  1168.0  1946.0  
1342.0  1398.0  1189.0  1949.3  
1301.0  1370.0  1171.0  1947.8  
1352.0  1412.0  1194.0  1954.5  
1322.0  1382.0  1175.0  1954.6  
1347.0  1362.0  1155.0  1945.4  
1352.0  1388.0  1171.0  1944.3  
1339.0  1378.0  1177.0  1941.4  
1314.0  1394.0  1181.0  1946.5  
1328.0  1390.0  1180.0  1948.6  
1288.0  1371.0  1178.0  1948.9  
1313.0  1383.0  1173.0  1950.3  
1317.0  1370.0  1166.0  1947.1  
1331.0  1387.0  1182.0  1947.9  
1322.0  1379.0  1174.0  1947.1  
1348.0  1397.0  1188.0  1949.4  
1350.0  1375.0  1164.0  1944.2  
1348.0  1388.0  1182.0  1943.6  
1331.0  1389.0  1179.0  1945.1  
1330.0  1376.0  1174.0  1942.5  
1354.0  1383.0  1175.0  1939.6  
1312.0  1367.0  1172.0  1936.0  
1322.0  1390.0  1182.0  1939.0  
1319.0  1377.0  1178.0  1938.0  
1335.0  1392.0  1186.0  1940.1  
1298.0  1366.0  1169.0  1937.8  
1326.0  1382.0  1173.0  1937.7  
1352.0  1382.0  1181.0  1934.7  
1321.0  1378.0  1168.0  1933.9  
1374.0  1376.0  1165.0  1926.7  
1316.0  1362.0  1167.0  1921.2  
1328.0  1387.0  1182.0  1922.8  
1332.0  1379.0  1161.0  1921.2  
1343.0  1384.0  1173.0  1920.1  
1316.0  1393.0  1191.0  1924.9  
1338.0  1375.0  1169.0  1921.4  
1330.0  1384.0  1189.0  1921.7  
1305.0  1369.0  1171.0  1919.9  
1309.0  1370.0  1171.0  1917.9  
1327.0  1371.0  1162.0  1914.4  
1307.0  1374.0  1177.0  1914.0  
1356.0  1379.0  1171.0  1910.0  
1310.0  1391.0  1183.0  1914.9  
1345.0  1380.0  1174.0  1912.4  
1335.0  1371.0  1162.0  1908.1  
1338.0  1380.0  1168.0  1906.4  
1322.0  1377.0  1170.0  1905.5  
1334.0  1379.0  1182.0  1904.0  
1319.0  1376.0  1173.0  1903.1  
1349.0  1401.0  1182.0  1907.2  
1347.0  1376.0  1169.0  1903.3  
1336.0  1404.0  1203.0  1909.8  
1332.0  1369.0  1173.0  1905.1  
1336.0  1414.0  1202.0  1914.8  
1333.0  1383.0  1173.0  1914.6  
1360.0  1404.0  1188.0  1918.3  
1340.0  1398.0  1190.0  1922.2  
1335.0  1396.0  1199.0  1925.9  
1362.0  1390.0  1187.0  1924.7  
1364.0  1389.0  1176.0  1922.9  
1337.0  1370.0  1172.0  1917.9  
1315.0  1381.0  1166.0  1918.9  
1342.0  1378.0  1164.0  1916.0  
1332.0  1374.0  1168.0  1912.9  
1350.0  1371.0  1174.0  1906.9  
1345.0  1393.0  1177.0  1908.8  
1321.0  1375.0  1167.0  1907.3  
1345.0  1381.0  1184.0  1905.2  
1332.0  1377.0  1163.0  1903.3  
1345.0  1365.0  1156.0  1896.0  
1346.0  1381.0  1168.0  1894.0  
1316.0  1378.0  1162.0  1894.2  
1363.0  1162.0  1188.0  1818.8  
1383.0  1410.0  1188.0  1823.3  
1326.0  1396.0  1180.0  1829.4  
1329.0  1373.0  1178.0  1827.5  
1319.0  1379.0  1171.0  1828.7  
1301.0  1380.0  1169.0  1832.2  
1328.0  1367.0  1171.0  1828.4  
1305.0  1386.0  1168.0  1833.4  
1344.0  1371.0  1168.0  1829.2  
1310.0  1391.0  1181.0  1835.3  
1380.0  1374.0  1161.0  1828.2  
1335.0  1384.0  1181.0  1829.2  
1319.0  1376.0  1163.0  1829.4  
1306.0  1371.0  1163.0  1829.4  
1350.0  1392.0  1177.0  1831.5  
1291.0  1371.0  1175.0  1833.0  
1341.0  1387.0  1173.0  1834.4  
1294.0  1371.0  1164.0  1835.6  
1330.0  1384.0  1187.0  1837.1  
1324.0  1378.0  1169.0  1837.3  
1303.0  1384.0  1171.0  1841.8  
1375.0  1374.0  1164.0  1835.1  
1301.0  1376.0  1169.0  1837.1  
1375.0  1388.0  1179.0  1835.1  
1306.0  1365.0  1154.0  1833.0  
1335.0  1388.0  1174.0  1835.4  
1305.0  1362.0  1166.0  1832.4  
1362.0  1383.0  1186.0  1830.2  
1309.0  1367.0  1159.0  1828.5  
1359.0  1374.0  1176.0  1823.7  
1332.0  1380.0  1174.0  1823.9  
1329.0  1372.0  1162.0  1821.8  
1361.0  1393.0  1172.0  1823.1  
1326.0  1372.0  1173.0  1821.3  
1379.0  1389.0  1180.0  1819.4  
1313.0  1376.0  1170.0  1820.4  
1334.0  1384.0  1185.0  1821.7  
1377.0  1391.0  1181.0  1820.6  
1332.0  1378.0  1165.0  1820.2  
1292.0  1387.0  1178.0  1827.0  
1345.0  1378.0  1174.0  1825.1  
1307.0  1385.0  1184.0  1829.6  
1404.0  1400.0  1190.0  1828.5  
1324.0  1391.0  1193.0  1833.0  
1328.0  1369.0  1169.0  1829.9  
1324.0  1414.0  1204.0  1842.0  
1330.0  1375.0  1169.0  1840.5  
1334.0  1412.0  1194.0  1850.7  
1349.0  1375.0  1171.0  1847.0  
1326.0  1411.0  1192.0  1857.6  
1345.0  1396.0  1174.0  1861.1  
1345.0  1406.0  1195.0  1867.9  
1351.0  1386.0  1188.0  1867.3  
1342.0  1357.0  1170.0  1858.3  
1307.0  1375.0  1183.0  1859.0  
1351.0  1372.0  1177.0  1854.0  
1308.0  1365.0  1172.0  1851.5  
1335.0  1388.0  1187.0  1853.6  
1323.0  1369.0  1173.0  1850.7  
1330.0  1410.0  1206.0  1860.5  
1325.0  1376.0  1165.0  1859.6  
1310.0  1382.0  1182.0  1862.3  
1342.0  1374.0  1167.0  1858.9  
1311.0  1368.0  1164.0  1856.9  
1359.0  1382.0  1170.0  1854.4  
1324.0  1379.0  1161.0  1854.6  
1364.0  1378.0  1173.0  1850.3  
1330.0  1376.0  1165.0  1849.0  
1366.0  1393.0  1189.0  1849.4  
1366.0  1400.0  1190.0  1852.1  
1343.0  1389.0  1181.0  1853.6  
1360.0  1368.0  1179.0  1846.4  
1289.0  1371.0  1171.0  1848.0  
1357.0  1387.0  1174.0  1847.4  
1320.0  1411.0  1204.0  1858.7  
1325.0  1387.0  1167.0  1861.4  
1354.0  1408.0  1203.0  1867.8  
1323.0  1391.0  1192.0  1871.9  
1331.0  1374.0  1167.0  1869.6  
1353.0  1380.0  1178.0  1866.8  
1326.0  1370.0  1175.0  1863.8  
1334.0  1378.0  1173.0  1862.5  
1364.0  1391.0  1187.0  1862.3  
1324.0  1370.0  1171.0  1859.5  
1372.0  1404.0  1195.0  1862.7  
1316.0  1373.0  1176.0  1861.8  
1342.0  1399.0  1191.0  1866.5  
1295.0  1376.0  1174.0  1868.8  
1346.0  1399.0  1187.0  1873.1  
1341.0  1373.0  1176.0  1869.3  
1343.0  1409.0  1202.0  1877.1  
1325.0  1381.0  1177.0  1877.6  
1377.0  1404.0  1193.0  1880.0  
1330.0  1400.0  1180.0  1886.1  
1325.0  1363.0  1161.0  1880.6  
1326.0  1385.0  1186.0  1882.3  
1322.0  1372.0  1166.0  1880.1  
1302.0  1368.0  1168.0  1878.8  
1329.0  1379.0  1178.0  1878.2  
1307.0  1369.0  1169.0  1876.7  
1348.0  1381.0  1178.0  1874.8  
1321.0  1371.0  1159.0  1872.5  
1343.0  1392.0  1183.0  1874.7  
1338.0  1371.0  1169.0  1870.5  
1295.0  1381.0  1182.0  1874.4  
1351.0  1380.0  1169.0  1871.8  
1336.0  1368.0  1162.0  1866.9  
1292.0  1377.0  1173.0  1869.9  
1310.0  1369.0  1162.0  1868.2  
1322.0  1385.0  1174.0  1870.4  
1325.0  1375.0  1164.0  1869.1  
1334.0  1403.0  1189.0  1875.9  
1326.0  1375.0  1175.0  1874.4  
1334.0  1418.0  1195.0  1886.0  
1308.0  1373.0  1162.0  1885.7  
1335.0  1401.0  1201.0  1891.5  
1327.0  1383.0  1179.0  1892.2  
1282.0  1362.0  1167.0  1891.0  
1355.0  1386.0  1181.0  1889.7  
1319.0  1362.0  1155.0  1884.5  
1336.0  1381.0  1183.0  1883.7  
1355.0  1370.0  1167.0  1877.3  
1316.0  1372.0  1168.0  1875.8  
1334.0  1380.0  1173.0  1875.0  
1332.0  1369.0  1159.0  1870.9  
1324.0  1366.0  1181.0  1866.7  
1297.0  1367.0  1175.0  1865.8  
1342.0  1406.0  1197.0  1872.8  
1320.0  1377.0  1173.0  1872.6  
1308.0  1376.0  1173.0  1873.4  
1332.0  1376.0  1165.0  1871.5  
1317.0  1375.0  1162.0  1871.0  
1321.0  1383.0  1171.0  1872.7  
1309.0  1386.0  1174.0  1876.6  
1344.0  1380.0  1167.0  1874.8  
1316.0  1372.0  1163.0  1873.3  
1351.0  1380.0  1183.0  1870.8  
1311.0  1367.0  1178.0  1868.3  
1301.0  1376.0  1163.0  1869.9  
1334.0  1379.0  1164.0  1868.9  
1311.0  1367.0  1156.0  1866.4  
1342.0  1375.0  1175.0  1863.3  
1312.0  1369.0  1168.0  1861.5  
1325.0  1387.0  1176.0  1864.2  
1388.0  1399.0  1198.0  1863.9  
1361.0  1395.0  1178.0  1865.3  
1297.0  1366.0  1170.0  1864.1  
1350.0  1382.0  1162.0  1862.4  
1314.0  1389.0  1177.0  1867.0  
1333.0  1367.0  1178.0  1862.2  
1330.0  1398.0  1183.0  1867.9  
1341.0  1376.0  1158.0  1865.2  
1316.0  1400.0  1195.0  1873.0  
1342.0  1382.0  1167.0  1872.1  
1331.0  1410.0  1204.0  1881.5  
1316.0  1383.0  1172.0  1883.6  
1325.0  1404.0  1200.0  1891.5  
1331.0  1375.0  1181.0  1889.2  
1291.0  1351.0  1170.0  1883.4  
1311.0  1386.0  1180.0  1887.0  
1336.0  1371.0  1172.0  1882.9  
1349.0  1389.0  1181.0  1883.3  
1335.0  1390.0  1197.0  1885.6  
1354.0  1387.0  1170.0  1884.8  
1331.0  1369.0  1177.0  1880.7  
1316.0  1373.0  1169.0  1879.5  
1332.0  1377.0  1174.0  1877.9  
1296.0  1372.0  1163.0  1878.6  
1364.0  1386.0  1185.0  1876.5  
1310.0  1369.0  1167.0  1874.7  
1355.0  1394.0  1179.0  1876.3  
1321.0  1378.0  1167.0  1876.2  
1344.0  1377.0  1168.0  1873.4  
1307.0  1385.0  1176.0  1877.2  
1350.0  1379.0  1164.0  1874.3  
1338.0  1391.0  1176.0  1876.8  
1344.0  1370.0  1174.0  1871.6  
1335.0  1388.0  1182.0  1873.4  
1311.0  1377.0  1161.0  1874.2  
1322.0  1390.0  1187.0  1878.0  
1314.0  1377.0  1163.0  1878.4  
1289.0  1373.0  1167.0  1880.2  
1323.0  1386.0  1168.0  1882.5  
1345.0  1404.0  1199.0  1888.3  
1361.0  1381.0  1181.0  1884.7  
1353.0  1398.0  1204.0  1887.6  
1327.0  1395.0  1176.0  1892.4  
1354.0  1396.0  1196.0  1894.4  
1339.0  1380.0  1185.0  1892.9  
1341.0  1383.0  1183.0  1892.1  
1347.0  1373.0  1163.0  1887.4  
1332.0  1387.0  1172.0  1888.9  
1339.0  1372.0  1167.0  1884.8  
1323.0  1381.0  1179.0  1885.4  
1307.0  1375.0  1169.0  1885.8  
1367.0  1392.0  1189.0  1885.2  
1338.0  1375.0  1164.0  1882.3  
1330.0  1382.0  1161.0  1882.5  
1342.0  1378.0  1164.0  1880.1  
1327.0  1380.0  1166.0  1880.0  
1345.0  1389.0  1171.0  1880.9  
1312.0  1375.0  1161.0  1880.8  
1324.0  1398.0  1178.0  1887.0  
1322.0  1374.0  1170.0  1885.4  
1365.0  1396.0  1191.0  1886.3  
1343.0  1373.0  1163.0  1882.1  
1356.0  1413.0  1192.0  1889.7  
1312.0  1372.0  1175.0  1888.5  
1386.0  1413.0  1199.0  1892.7  
1338.0  1384.0  1189.0  1892.6  
1350.0  1406.0  1205.0  1898.3  
1326.0  1389.0  1190.0  1901.1  
1357.0  1396.0  1203.0  1902.7  
1326.0  1386.0  1170.0  1904.4  
1339.0  1384.0  1178.0  1903.9  
1317.0  1375.0  1165.0  1903.0  
1346.0  1381.0  1169.0  1900.8  
1320.0  1379.0  1172.0  1900.9  
1330.0  1382.0  1181.0  1900.9  
1316.0  1374.0  1175.0  1899.7  
1314.0  1388.0  1184.0  1903.4  
1323.0  1367.0  1178.0  1899.2  
1311.0  1383.0  1174.0  1901.5  
1322.0  1380.0  1177.0  1901.7  
1324.0  1367.0  1161.0  1897.4  
1324.0  1377.0  1172.0  1896.4  
1309.0  1371.0  1171.0  1895.1  
1333.0  1380.0  1174.0  1894.2  
1366.0  1405.0  1190.0  1897.9  
1343.0  1395.0  1192.0  1900.7  
1345.0  1373.0  1171.0  1896.1  
1368.0  1381.0  1168.0  1891.7  
1316.0  1372.0  1179.0  1890.0  
1377.0  1409.0  1195.0  1893.9  
1316.0  1388.0  1173.0  1897.4  
1366.0  1417.0  1209.0  1905.0  
1332.0  1389.0  1180.0  1907.0  
1353.0  1404.0  1189.0  1911.6  
1365.0  1385.0  1180.0  1908.6  
1352.0  1393.0  1185.0  1909.6  
1351.0  1378.0  1176.0  1905.9  
1322.0  1379.0  1163.0  1905.7  
1351.0  1374.0  1166.0  1900.7  
1335.0  1379.0  1177.0  1899.1  
1331.0  1376.0  1168.0  1897.0  
1353.0  1385.0  1172.0  1895.5  
1332.0  1373.0  1163.0  1892.4  
1332.0  1402.0  1193.0  1898.8  
1323.0  1382.0  1171.0  1899.5  
1383.0  1416.0  1196.0  1904.9  
1341.0  1378.0  1165.0  1902.3  
1330.0  1406.0  1188.0  1910.1  
1347.0  1391.0  1182.0  1911.1  
1369.0  1407.0  1193.0  1914.8  
1370.0  1391.0  1190.0  1913.2  
1340.0  1374.0  1177.0  1909.3  
1328.0  1383.0  1185.0  1909.7  
1323.0  1374.0  1166.0  1907.7  
1306.0  1372.0  1178.0  1906.9  
1366.0  1384.0  1176.0  1903.5  
1337.0  1372.0  1179.0  1899.4  
1315.0  1389.0  1184.0  1903.3  
1364.0  1376.0  1177.0  1897.6  
1333.0  1391.0  1185.0  1900.2  
1345.0  1388.0  1185.0  1900.5  
1318.0  1381.0  1184.0  1901.5  
1330.0  1382.0  1190.0  1901.4  
1338.0  1380.0  1171.0  1899.8  
1352.0  1385.0  1186.0  1898.4  
1349.0  1370.0  1172.0  1892.4  
1345.0  1391.0  1179.0  1893.8  
1313.0  1384.0  1175.0  1896.4  
1370.0  1407.0  1208.0  1900.3  
1302.0  1375.0  1178.0  1901.0  
1354.0  1410.0  1203.0  1907.5  
1333.0  1379.0  1174.0  1906.1  
1327.0  1404.0  1196.0  1913.5  
1339.0  1384.0  1170.0  1912.9  
1293.0  1366.0  1151.0  1911.5  
1347.0  1391.0  1179.0  1912.4  
1300.0  1366.0  1172.0  1910.2  
1337.0  1382.0  1179.0  1909.3  
1306.0  1370.0  1173.0  1907.8  
1309.0  1381.0  1165.0  1909.6  
1314.0  1371.0  1178.0  1907.6  
1331.0  1378.0  1164.0  1906.1  
1340.0  1374.0  1177.0  1902.2  
1306.0  1376.0  1164.0  1902.8  
1337.0  1409.0  1210.0  1910.8  
1356.0  1396.0  1190.0  1912.4  
1288.0  1373.0  1178.0  1913.8  
1343.0  1381.0  1167.0  1911.9  
1307.0  1371.0  1158.0  1910.6  
1336.0  1375.0  1180.0  1907.5  
1373.0  1406.0  1194.0  1910.5  
1319.0  1396.0  1180.0  1916.1  
1345.0  1378.0  1173.0  1913.0  
1369.0  1416.0  1196.0  1919.6  
1370.0  1391.0  1170.0  1918.0  
1365.0  1414.0  1206.0  1924.4  
1331.0  1378.0  1179.0  1922.6  
1380.0  1417.0  1198.0  1928.3  
1338.0  1375.0  1182.0  1924.7  
1363.0  1410.0  1198.0  1929.9  
1352.0  1390.0  1181.0  1929.7  
1308.0  1389.0  1197.0  1933.9  
1358.0  1379.0  1182.0  1929.4  
1357.0  1396.0  1175.0  1930.7  
1378.0  1383.0  1179.0  1925.3  
1362.0  1397.0  1171.0  1926.4  
1325.0  1376.0  1175.0  1924.6  
1377.0  1383.0  1181.0  1919.5  
1342.0  1382.0  1174.0  1917.9  
1369.0  1388.0  1168.0  1915.3  
1375.0  1379.0  1167.0  1909.3  
1305.0  1378.0  1168.0  1910.5  
1326.0  1392.0  1170.0  1914.0  
1306.0  1368.0  1167.0  1911.8  
1351.0  1380.0  1167.0  1908.7  
1309.0  1375.0  1171.0  1908.6  
1336.0  1399.0  1183.0  1913.3  
1356.0  1382.0  1169.0  1910.3  
1334.0  1383.0  1183.0  1910.0  
1339.0  1375.0  1180.0  1906.6  
1347.0  1378.0  1167.0  1903.3  
1352.0  1393.0  1170.0  1904.5  
1345.0  1376.0  1166.0  1900.8  
1366.0  1388.0  1169.0  1898.8  
1361.0  1372.0  1168.0  1892.2  
1341.0  1395.0  1182.0  1895.3  
1354.0  1375.0  1175.0  1890.5  
1326.0  1378.0  1180.0  1889.7  
1333.0  1388.0  1186.0  1891.5  
1300.0  1367.0  1174.0  1889.9  
1345.0  1389.0  1182.0  1890.7  
1317.0  1372.0  1172.0  1888.9  
1327.0  1388.0  1192.0  1891.3  
1340.0  1374.0  1168.0  1887.7  
1337.0  1385.0  1193.0  1888.1  
1329.0  1373.0  1174.0  1885.4  
1321.0  1366.0  1163.0  1881.3  
1354.0  1380.0  1184.0  1878.3  
1299.0  1373.0  1170.0  1879.0  
1352.0  1383.0  1181.0  1877.2  
1362.0  1405.0  1209.0  1881.6  
1338.0  1396.0  1178.0  1885.5  
1368.0  1394.0  1202.0  1885.5  
1354.0  1385.0  1179.0  1884.1  
1362.0  1395.0  1175.0  1885.0  
1342.0  1369.0  1176.0  1879.7  
1325.0  1383.0  1173.0  1880.8  
1346.0  1374.0  1172.0  1876.7  
1318.0  1389.0  1191.0  1880.6  
1342.0  1383.0  1167.0  1879.9  
1334.0  1397.0  1182.0  1884.6  
1340.0  1384.0  1177.0  1884.3  
1335.0  1394.0  1178.0  1887.9  
1368.0  1386.0  1167.0  1885.3  
1311.0  1373.0  1155.0  1884.5  
1343.0  1385.0  1177.0  1884.3  
1336.0  1382.0  1165.0  1883.9  
1338.0  1400.0  1197.0  1889.1  
1315.0  1371.0  1176.0  1887.2  
1358.0  1407.0  1205.0  1892.5  
1340.0  1377.0  1175.0  1889.9  
1341.0  1409.0  1199.0  1897.6  
1370.0  1379.0  1170.0  1892.3  
1363.0  1413.0  1195.0  1899.0  
1346.0  1395.0  1171.0  1901.5  
1381.0  1406.0  1205.0  1903.8  
1342.0  1404.0  1183.0  1909.6  
1329.0  1363.0  1163.0  1903.3  
1310.0  1384.0  1176.0  1906.1  
1364.0  1374.0  1176.0  1899.7  
1315.0  1370.0  1178.0  1897.4  
1315.0  1374.0  1177.0  1896.4  
1328.0  1378.0  1162.0  1895.3  
1315.0  1380.0  1177.0  1896.3  
1327.0  1371.0  1178.0  1893.1  
1365.0  1419.0  1200.0  1901.5  
1336.0  1383.0  1177.0  1901.1  
1341.0  1409.0  1198.0  1908.7  
1330.0  1374.0  1176.0  1905.9  
1339.0  1365.0  1170.0  1899.3  
1331.0  1386.0  1176.0  1900.4  
1347.0  1375.0  1172.0  1896.3  
1337.0  1380.0  1181.0  1894.9  
1363.0  1383.0  1172.0  1891.7  
1329.0  1394.0  1189.0  1895.8  
1351.0  1388.0  1180.0  1895.5  
1327.0  1377.0  1175.0  1894.3  
1328.0  1376.0  1181.0  1892.6  
1367.0  1420.0  1195.0  1901.1  
1347.0  1392.0  1177.0  1902.5  
1359.0  1403.0  1206.0  1906.1  
1316.0  1389.0  1191.0  1909.8  
1375.0  1400.0  1200.0  1910.7  
1346.0  1390.0  1178.0  1911.4  
1365.0  1394.0  1192.0  1911.3  
1332.0  1371.0  1176.0  1907.3  
1313.0  1376.0  1182.0  1907.1  
1356.0  1382.0  1142.0  1904.2  
1351.0  1387.0  1188.0  1903.4  
1348.0  1379.0  1161.0  1900.4  
1358.0  1392.0  1190.0  1900.6  
1347.0  1385.0  1173.0  1899.7  
1361.0  1414.0  1191.0  1906.8  
1340.0  1376.0  1178.0  1903.7  
1358.0  1409.0  1198.0  1909.4  
1338.0  1375.0  1177.0  1906.1  
1364.0  1407.0  1207.0  1910.5  
1366.0  1393.0  1191.0  1910.0  
1348.0  1407.0  1190.0  1916.0  
1355.0  1386.0  1189.0  1914.4  
1344.0  1391.0  1191.0  1915.6  
1335.0  1381.0  1183.0  1914.5  
1335.0  1403.0  1184.0  1920.6  
1362.0  1371.0  1171.0  1913.2  
1306.0  1382.0  1175.0  1915.6  
1347.0  1374.0  1169.0  1910.9  
1344.0  1387.0  1184.0  1910.8  
1303.0  1372.0  1179.0  1910.3  
1355.0  1389.0  1190.0  1909.7  
1329.0  1388.0  1186.0  1911.6  
1343.0  1402.0  1189.0  1916.6  
1322.0  1383.0  1171.0  1917.5  
1352.0  1370.0  1161.0  1910.9  
1325.0  1378.0  1183.0  1910.0  
1340.0  1371.0  1169.0  1905.1  
1360.0  1409.0  1200.0  1910.6  
1322.0  1374.0  1178.0  1908.7  
1384.0  1411.0  1204.0  1912.2  
1341.0  1373.0  1178.0  1907.9  
1363.0  1411.0  1211.0  1913.6  
1353.0  1384.0  1187.0  1911.6  
1355.0  1406.0  1201.0  1916.5  
1376.0  1397.0  1185.0  1916.2  
1335.0  1410.0  1189.0  1924.6  
1362.0  1387.0  1178.0  1922.4  
1356.0  1399.0  1192.0  1924.8  
1325.0  1373.0  1165.0  1922.0  
1386.0  1386.0  1185.0  1916.9  
1332.0  1381.0  1169.0  1916.1  
1360.0  1377.0  1169.0  1911.0  
1323.0  1375.0  1165.0  1909.3  
1371.0  1378.0  1182.0  1903.4  
1344.0  1382.0  1168.0  1901.8  
1329.0  1403.0  1184.0  1908.7  
1350.0  1376.0  1177.0  1904.5  
1342.0  1398.0  1189.0  1908.3  
1363.0  1389.0  1175.0  1906.9  
1324.0  1384.0  1184.0  1908.1  
1346.0  1394.0  1174.0  1910.1  
1349.0  1372.0  1176.0  1904.6  
1350.0  1394.0  1186.0  1906.3  
1378.0  1394.0  1182.0  1904.9  
1345.0  1385.0  1184.0  1904.2  
1341.0  1379.0  1176.0  1901.9  
1374.0  1408.0  1197.0  1905.6  
1339.0  1386.0  1191.0  1905.8  
1376.0  1408.0  1199.0  1909.3  
1347.0  1394.0  1190.0  1911.2  
1355.0  1398.0  1194.0  1913.5  
1353.0  1384.0  1185.0  1911.5  
1337.0  1392.0  1181.0  1913.8  
1343.0  1372.0  1177.0  1908.9  
1325.0  1381.0  1169.0  1909.0  
1351.0  1373.0  1166.0  1903.6  
1364.0  1383.0  1171.0  1900.2  
1104.0  1370.0  1175.0  1921.7  
1359.0  1417.0  1204.0  1929.7  
1350.0  1371.0  1171.0  1923.5  
1306.0  1369.0  1175.0  1921.5  
1355.0  1376.0  1167.0  1916.5  
1313.0  1364.0  1151.0  1912.2  
1356.0  1372.0  1182.0  1905.9  
1322.0  1363.0  1156.0  1900.5  
1329.0  1381.0  1172.0  1900.2  
1353.0  1374.0  1178.0  1895.1  
 