-0747.7 0255.3  1163.0  -0028.8 
-0855.7 0918.7  1181.0  -0022.3 
-1041.6 0835.8  1177.0  -0020.1 
-0855.7 0719.7  1180.0  -0017.6 
-0755.4 0354.8  1156.0  -0020.9 
-0801.6 0553.8  1171.0  -0020.9 
-0763.1 0354.8  1148.0  -0024.3 
-0770.8 0404.6  1158.0  -0026.8 
-0855.7 0504.1  1158.0  -0028.5 
-0793.9 0321.7  1159.0  -0032.9 
-0902.1 0902.1  1183.0  -0027.3 
-0639.9 0354.8  1162.0  -0028.9 
-0639.9 0321.7  1161.0  -0031.1 
-0886.6 0388.0  1167.0  -0035.4 
-1010.5 0918.7  1178.0  -0031.0 
-0809.4 0570.4  1163.0  -0030.6 
-0609.2 0388.0  1148.0  -0031.1 
-0848.0 0703.1  1166.0  -0028.7 
-0655.3 0454.3  1169.0  -0028.5 
-0740.0 0421.2  1162.0  -0030.2 
-0686.1 0553.8  1172.0  -0028.4 
-0678.4 0288.5  1146.0  -0031.9 
-0724.6 0570.4  1166.0  -0030.3 
-0855.7 0288.5  1152.0  -0036.2 
-0747.7 0636.8  1168.0  -0033.6 
-0855.7 0504.1  1161.0  -0035.2 
-0824.8 0454.3  1155.0  -0037.3 
-0716.9 0470.9  1163.0  -0037.5 
-0824.8 0388.0  1155.0  -0040.9 
-0855.7 0603.6  1159.0  -0040.4 
-0716.9 0371.4  1147.0  -0042.6 
-0832.5 0669.9  1176.0  -0040.4 
-0471.1 0437.8  1164.0  -0037.8 
-0948.5 1051.4  1182.0  -0029.9 
-0524.7 0354.8  1160.0  -0029.8 
-0840.2 0902.1  1184.0  -0023.4 
-0763.1 0520.7  1170.0  -0023.5 
-0971.8 0769.4  1182.0  -0021.6 
-0902.1 0537.3  1161.0  -0023.3 
-0848.0 0669.9  1176.0  -0021.7 
-0716.9 0354.8  1157.0  -0024.4 
-0786.2 0487.5  1159.0  -0025.5 
-0701.5 0388.0  1157.0  -0027.3 
-0763.1 0669.9  1164.0  -0024.4 
-0755.4 0354.8  1158.0  -0027.7 
-0763.1 0620.2  1161.0  -0025.7 
-0840.2 0454.3  1162.0  -0028.2 
-0956.3 0653.4  1181.0  -0028.3 
-0763.1 0421.2  1168.0  -0030.3 
-0663.0 0388.0  1159.0  -0031.5 
-0894.3 0520.7  1160.0  -0033.3 
-0964.0 0868.9  1174.0  -0029.3 
-1049.4 0520.7  1177.0  -0033.3 
-0894.3 0686.5  1164.0  -0031.8 
-0740.0 0404.6  1152.0  -0033.8 
-0686.1 0537.3  1157.0  -0032.3 
-0809.4 0902.1  1175.0  -0025.4 
-0894.3 0603.6  1175.0  -0025.7 
-0995.0 0752.9  1187.0  -0024.4 
-0909.8 0520.7  1164.0  -0026.6 
-0817.1 0520.7  1170.0  -0027.4 
-0925.3 0321.7  1162.0  -0033.6 
-0925.3 0603.6  1173.0  -0034.2 
-0809.4 0321.7  1159.0  -0038.7 
-0793.9 0603.6  1168.0  -0037.4 
-0809.4 0454.3  1155.0  -0039.3 
-0647.6 0620.2  1176.0  -0035.6 
-0894.3 0371.4  1166.0  -0040.3 
-1057.1 1018.2  1183.0  -0034.4 
-0940.8 0487.5  1158.0  -0037.5 
-1033.8 0968.4  1187.0  -0032.4 
-0956.3 0603.6  1155.0  -0033.4 
-0778.5 0222.2  1157.0  -0039.5 
-0909.8 0587.0  1170.0  -0040.1 
-0848.0 0636.8  1161.0  -0038.9 
-0501.7 0454.3  1151.0  -0036.4 
-0624.6 0504.1  1165.0  -0034.7 
-0616.9 0288.5  1158.0  -0037.2 
-0809.4 0669.9  1164.0  -0034.8 
-0547.8 0421.2  1153.0  -0033.7 
-0693.8 0437.8  1172.0  -0034.3 
-0655.3 0371.4  1155.0  -0035.7 
-0956.3 0603.6  1165.0  -0036.7 
-0732.3 0388.0  1151.0  -0038.8 
-0778.5 0371.4  1149.0  -0041.8 
-0956.3 0603.6  1162.0  -0042.7 
-1002.8 0769.4  1176.0  -0041.0 
-0801.6 0653.4  1163.0  -0038.8 
-0616.9 0354.8  1149.0  -0039.9 
-0886.6 0935.3  1185.0  -0033.3 
-0832.5 0487.5  1161.0  -0034.9 
-1026.1 0819.2  1191.0  -0032.6 
-0817.1 0669.9  1178.0  -0030.4 
-0848.0 0686.5  1187.0  -0028.3 
-0909.8 0487.5  1173.0  -0031.1 
-0995.0 0570.4  1166.0  -0033.3 
-0670.7 0404.6  1158.0  -0034.3 
-0732.3 0537.3  1168.0  -0033.5 
-0855.7 0321.7  1158.0  -0038.7 
-0917.5 0703.1  1175.0  -0037.1 
-0632.3 0487.5  1160.0  -0035.8 
-0840.2 0470.9  1157.0  -0037.8 
-0863.4 0321.7  1165.0  -0043.1 
-0894.3 0868.9  1178.0  -0037.8 
-0747.7 0470.9  1152.0  -0038.5 
-0732.3 0255.3  1160.0  -0043.2 
-0817.1 0620.2  1168.0  -0041.8 
-0678.4 0338.3  1158.0  -0044.1 
-0778.5 0520.7  1169.0  -0044.1 
-0894.3 0388.0  1166.0  -0048.4 
-0724.6 0305.1  1152.0  -0051.8 
-0902.1 0470.9  1166.0  -0054.4 
-0770.8 0305.1  1155.0  -0058.5 
-0871.1 0470.9  1171.0  -0060.6 
-1064.9 0338.3  1158.0  -0068.0 
-0917.5 0504.1  1170.0  -0069.9 
-0979.5 0553.8  1164.0  -0071.8 
-0632.3 0354.8  1154.0  -0072.6 
-0678.4 0553.8  1157.0  -0070.2 
-0724.6 0288.5  1156.0  -0073.7 
-0809.4 0570.4  1172.0  -0072.7 
-0755.4 0736.3  1178.0  -0067.8 
-0709.2 0421.2  1156.0  -0068.5 
-0663.0 0421.2  1159.0  -0068.5 
-1142.7 0951.9  1191.0  -0064.8 
-0886.6 0603.6  1164.0  -0064.4 
-1072.7 0935.3  1179.0  -0060.1 
-1088.2 0752.9  1169.0  -0059.6 
-1220.8 0835.8  1169.0  -0059.4 
-0871.1 0603.6  1160.0  -0058.9 
-0840.2 0769.4  1164.0  -0054.7 
-0987.3 0537.3  1158.0  -0057.2 
-0570.8 0570.4  1163.0  -0053.1 
-0709.2 0354.8  1157.0  -0055.3 
-0732.3 0669.9  1178.0  -0051.6 
-0709.2 0305.1  1155.0  -0054.8 
-0478.7 0388.0  1158.0  -0053.1 
-0848.0 0371.4  1163.0  -0056.9 
-1026.1 0951.9  1181.0  -0051.7 
-0878.9 0537.3  1154.0  -0052.7 
-0732.3 0388.0  1149.0  -0054.6 
-0979.5 0520.7  1177.0  -0057.3 
-0940.8 0636.8  1165.0  -0057.1 
-0964.0 0504.1  1166.0  -0059.9 
-0747.7 0636.8  1168.0  -0056.9 
-0678.4 0421.2  1159.0  -0057.3 
-0940.8 0636.8  1164.0  -0057.2 
-0786.2 0470.9  1158.0  -0058.1 
-0709.2 0736.3  1163.0  -0052.7 
-0878.9 0404.6  1163.0  -0056.3 
-0670.7 0736.3  1168.0  -0050.4 
-0770.8 0537.3  1158.0  -0049.9 
-0863.4 0305.1  1152.0  -0055.3 
-0824.8 0520.7  1162.0  -0055.8 
-0840.2 0388.0  1158.0  -0059.1 
-0793.9 0669.9  1172.0  -0056.2 
-0863.4 0371.4  1162.0  -0060.2 
-0871.1 0354.8  1162.0  -0064.6 
-0840.2 0570.4  1168.0  -0064.2 
-1026.1 1034.8  1183.0  -0057.3 
-0824.8 0603.6  1162.0  -0056.1 
-0732.3 0935.3  1179.0  -0047.2 
-0786.2 0537.3  1177.0  -0046.9 
-0809.4 0669.9  1174.0  -0044.4 
-0678.4 0354.8  1154.0  -0046.3 
-0663.0 0470.9  1164.0  -0045.6 
-0786.2 0371.4  1147.0  -0048.7 
-0886.6 0421.2  1164.0  -0052.1 
-0848.0 0288.5  1156.0  -0057.6 
-0878.9 0703.1  1171.0  -0055.2 
-0871.1 0338.3  1159.0  -0060.0 
-0678.4 0321.7  1157.0  -0062.3 
-0824.8 0388.0  1155.0  -0065.4 
-1103.8 0968.4  1176.0  -0060.8 
-0956.3 0553.8  1160.0  -0062.4 
-0701.5 0603.6  1154.0  -0059.5 
-0632.3 0620.2  1178.0  -0055.3 
-0609.2 0620.2  1177.0  -0050.8 
-0647.6 0404.6  1154.0  -0051.2 
-0809.4 0487.5  1171.0  -0052.2 
-0755.4 0371.4  1151.0  -0054.8 
-0732.3 0603.6  1174.0  -0052.3 
-0786.2 0222.2  1152.0  -0058.3 
-0948.5 0620.2  1168.0  -0058.5 
-0995.0 0719.7  1167.0  -0057.4 
-0693.8 0404.6  1153.0  -0058.4 
-0878.9 0603.6  1160.0  -0058.0 
-0902.1 0371.4  1152.0  -0062.5 
-0964.0 0603.6  1173.0  -0063.2 
-0786.2 0487.5  1163.0  -0063.7 
-0909.8 0885.5  1184.0  -0058.1 
-0940.8 0421.2  1154.0  -0062.2 
-0863.4 1034.8  1183.0  -0053.0 
-0755.4 0421.2  1169.0  -0054.5 
-0824.8 0885.5  1181.0  -0047.9 
-0894.3 0686.5  1164.0  -0046.2 
-0440.4 0222.2  1154.0  -0047.3 
-0701.5 0570.4  1165.0  -0045.3 
-0570.8 0338.3  1152.0  -0046.0 
-0740.0 0354.8  1152.0  -0048.7 
-0848.0 0388.0  1169.0  -0052.2 
-0778.5 0288.5  1162.0  -0056.7 
-0956.3 0719.7  1178.0  -0055.1 
-1103.8 0404.6  1152.0  -0061.9 
-0956.3 0470.9  1153.0  -0065.1 
-0693.8 0520.7  1155.0  -0063.6 
-0724.6 0388.0  1161.0  -0065.3 
-0809.4 0636.8  1173.0  -0063.1 
-0909.8 0935.3  1186.0  -0056.6 
-0979.5 0603.6  1177.0  -0057.6 
-0786.2 0354.8  1167.0  -0060.8 
-0855.7 0487.5  1172.0  -0062.3 
-0848.0 0520.7  1177.0  -0063.1 
-0863.4 0388.0  1144.0  -0066.6 
-0848.0 0570.4  1162.0  -0066.3 
-0763.1 0388.0  1154.0  -0068.4 
-0987.3 0703.1  1177.0  -0067.5 
-0878.9 0669.9  1186.0  -0065.6 
-0886.6 0470.9  1105.0  -0067.8 
-0832.5 0520.7  1165.0  -0068.3 
-0878.9 0271.9  1157.0  -0074.3 
-0793.9 0570.4  1164.0  -0073.1 
-0971.8 0404.6  1156.0  -0077.7 
-0863.4 0769.4  1161.0  -0073.6 
-0878.9 0421.2  1155.0  -0076.6 
-0786.2 0338.3  1160.0  -0079.8 
-0848.0 0388.0  1167.0  -0082.9 
-0663.0 0321.7  1163.0  -0084.7 
-0701.5 0504.1  1150.0  -0083.4 
-0909.8 0852.4  1186.0  -0078.2 
-0763.1 0553.8  1177.0  -0076.9 
-0855.7 0636.8  1174.0  -0075.2 
-0624.6 0437.8  1160.0  -0074.3 
-0770.8 0421.2  1158.0  -0075.8 
-0871.1 0255.3  1156.0  -0081.9 
-1033.8 0537.3  1173.0  -0084.6 
-0948.5 0404.6  1147.0  -0088.7 
-1057.1 0885.5  1174.0  -0084.9 
-0933.0 0454.3  1148.0  -0087.8 
-0894.3 0371.4  1166.0  -0091.8 
-0832.5 0437.8  1168.0  -0093.5 
-1026.1 1051.4  1176.0  -0085.8 
-0778.5 0603.6  1163.0  -0083.7 
-0871.1 0885.5  1185.0  -0077.2 
-0886.6 0669.9  1170.0  -0075.4 
-0678.4 0288.5  1167.0  -0078.1 
-0732.3 0504.1  1169.0  -0077.3 
-0817.1 0487.5  1179.0  -0078.1 
-0693.8 0338.3  1154.0  -0080.1 
-0940.8 0487.5  1160.0  -0082.5 
-1033.8 0769.4  1191.0  -0080.7 
-0948.5 0669.9  1169.0  -0079.6 
-0948.5 0686.5  1179.0  -0078.3 
-1057.1 0421.2  1165.0  -0083.7 
-1002.8 0587.0  1171.0  -0085.0 
-0886.6 0305.1  1153.0  -0090.2 
-0956.3 0653.4  1168.0  -0089.4 
-0917.5 0470.9  1148.0  -0091.8 
-0902.1 0769.4  1180.0  -0088.0 
-0909.8 0388.0  1163.0  -0091.8 
-0840.2 0636.8  1176.0  -0089.7 
-0886.6 0570.4  1167.0  -0089.7 
-0979.5 1001.6  1178.0  -0082.4 
-0709.2 0454.3  1158.0  -0082.2 
-0724.6 0288.5  1161.0  -0085.5 
-0878.9 0504.1  1171.0  -0086.7 
-0894.3 0338.3  1151.0  -0091.3 
-0786.2 0421.2  1154.0  -0092.8 
-0894.3 0520.7  1161.0  -0093.7 
-0933.0 0271.9  1162.0  -0100.1 
-1080.4 0537.3  1158.0  -0103.3 
-0763.1 0321.7  1159.0  -0106.2 
-0995.0 0852.4  1184.0  -0101.8 
-0840.2 0437.8  1149.0  -0103.6 
-0709.2 0321.7  1161.0  -0105.7 
-0824.8 0487.5  1167.0  -0106.2 
-0909.8 0868.9  1175.0  -0100.3 
-0793.9 0520.7  1172.0  -0099.7 
-0724.6 0371.4  1153.0  -0101.2 
-0909.8 0570.4  1168.0  -0101.3 
-0863.4 0371.4  1165.0  -0104.6 
-1150.5 0885.5  1180.0  -0101.8 
-1002.8 0470.9  1167.0  -0105.2 
-1150.5 0918.7  1182.0  -0101.7 
-1057.1 0587.0  1164.0  -0103.5 
-1228.6 0868.9  1187.0  -0102.1 
-1111.6 0620.2  1167.0  -0104.1 
-0848.0 0686.5  1172.0  -0100.9 
-0940.8 0371.4  1156.0  -0105.4 
-0747.7 0371.4  1150.0  -0107.1 
-0740.0 0404.6  1146.0  -0108.0 
-0616.9 0421.2  1163.0  -0106.8 
-0670.7 0321.7  1151.0  -0108.3 
-0832.5 0636.8  1171.0  -0105.9 
-0709.2 0388.0  1164.0  -0106.7 
-0848.0 0388.0  1154.0  -0109.5 
-1033.8 0653.4  1162.0  -0109.5 
-0940.8 0388.0  1161.0  -0113.5 
-0940.8 0968.4  1185.0  -0106.0 
-0902.1 0421.2  1155.0  -0108.9 
-1064.9 0669.9  1179.0  -0109.1 
-1041.6 0354.8  1160.0  -0115.1 
-0786.2 0504.1  1157.0  -0114.6 
-0956.3 0421.2  1162.0  -0118.1 
-0824.8 0388.0  1161.0  -0120.4 
-0886.6 0470.9  1167.0  -0121.8 
-0917.5 0338.3  1149.0  -0126.3 
-1041.6 0752.9  1168.0  -0124.3 
-0770.8 0404.6  1160.0  -0125.3 
-0832.5 0222.2  1160.0  -0130.9 
-0894.3 0437.8  1171.0  -0132.9 
-0632.3 0305.1  1151.0  -0133.9 
-0886.6 0470.9  1175.0  -0135.2 
-0740.0 0371.4  1148.0  -0136.3 
-0987.3 0487.5  1173.0  -0138.7 
-0793.9 0371.4  1163.0  -0140.5 
-0601.5 0271.9  1155.0  -0141.6 
-0909.8 0421.2  1173.0  -0144.1 
-0964.0 0271.9  1156.0  -0150.2 
-1026.1 0487.5  1173.0  -0152.9 
-1111.6 0918.7  1185.0  -0148.2 
-0832.5 0553.8  1176.0  -0146.8 
-1026.1 0669.9  1167.0  -0146.0 
-0817.1 0388.0  1159.0  -0147.7 
-0855.7 0587.0  1158.0  -0146.1 
-0786.2 0338.3  1159.0  -0148.4 
-0740.0 0553.8  1163.0  -0145.7 
-0701.5 0421.2  1163.0  -0145.2 
-0763.1 0537.3  1159.0  -0143.3 
-0609.2 0288.5  1153.0  -0144.1 
-0532.4 0205.6  1143.0  -0145.5 
-0724.6 0454.3  1160.0  -0144.7 
-0701.5 0868.9  1188.0  -0135.3 
-0909.8 0537.3  1171.0  -0135.6 
-1119.4 0703.1  1180.0  -0135.5 
-1026.1 0537.3  1167.0  -0137.4 
-1049.4 0338.3  1154.0  -0143.5 
-1033.8 0338.3  1157.0  -0149.3 
-1119.4 0537.3  1167.0  -0152.3 
-0863.4 0487.5  1157.0  -0152.7 
-0902.1 0603.6  1171.0  -0151.3 
-0871.1 0570.4  1162.0  -0150.1 
-0956.3 0686.5  1180.0  -0147.9 
-0540.1 0437.8  1163.0  -0144.7 
-0670.7 0271.9  1158.0  -0146.7 
-0563.1 0388.0  1155.0  -0144.9 
-0524.7 0288.5  1150.0  -0144.6 
-0863.4 0570.4  1176.0  -0143.4 
-0601.5 0321.7  1163.0  -0143.5 
-1088.2 0852.4  1179.0  -0139.9 
-1057.1 0421.2  1157.0  -0144.4 
-1220.8 1051.4  1189.0  -0138.8 
-0933.0 0603.6  1158.0  -0138.0 
-1228.6 0951.9  1186.0  -0134.5 
-1220.8 0835.8  1167.0  -0133.3 
-1142.7 0918.7  1185.0  -0129.3 
-1057.1 0736.3  1163.0  -0127.8 
-0701.5 0388.0  1155.0  -0128.2 
-0763.1 0421.2  1146.0  -0128.8 
-0486.4 0354.8  1162.0  -0126.8 
-0494.1 0404.6  1158.0  -0124.0 
-0624.6 0454.3  1165.0  -0122.0 
-0670.7 0189.0  1154.0  -0126.0 
-0863.4 0437.8  1165.0  -0127.7 
-0964.0 0288.5  1163.0  -0133.7 
-0878.9 0172.4  1140.0  -0140.7 
-0863.4 0520.7  1170.0  -0140.6 
-0786.2 0388.0  1152.0  -0142.0 
-1010.5 0636.8  1163.0  -0141.6 
-1026.1 0852.4  1181.0  -0137.2 
-0909.8 0553.8  1177.0  -0137.1 
-0563.1 0520.7  1163.0  -0132.8 
-0709.2 0288.5  1159.0  -0135.2 
-0724.6 0454.3  1170.0  -0134.5 
-0624.6 0271.9  1158.0  -0136.0 
-0601.5 0587.0  1161.0  -0131.0 
-0701.5 0205.6  1160.0  -0134.9 
-0824.8 0421.2  1174.0  -0136.3 
-0909.8 0553.8  1167.0  -0136.2 
-0624.6 0305.1  1159.0  -0137.0 
-0755.4 0454.3  1174.0  -0136.7 
-0902.1 0205.6  1166.0  -0143.4 
-0971.8 0553.8  1173.0  -0144.1 
-0793.9 0338.3  1163.0  -0146.5 
-0933.0 0885.5  1187.0  -0140.1 
-0940.8 0520.7  1158.0  -0141.0 
-1127.1 0968.4  1189.0  -0135.7 
-0886.6 0388.0  1164.0  -0138.6 
-1049.4 0951.9  1181.0  -0132.6 
-0933.0 0603.6  1172.0  -0131.9 
-0616.9 0172.4  1143.0  -0135.3 
-0863.4 0653.4  1170.0  -0132.6 
-0563.1 0354.8  1157.0  -0131.7 
-0647.6 0454.3  1151.0  -0129.9 
-0770.8 0255.3  1153.0  -0133.9 
-0724.6 0238.8  1150.0  -0137.5 
-0494.1 0255.3  1163.0  -0137.4 
-0740.0 0354.8  1166.0  -0138.9 
-0848.0 0620.2  1172.0  -0136.6 
-0964.0 0338.3  1163.0  -0141.5 
-1119.4 0719.7  1168.0  -0141.0 
-0948.5 0354.8  1158.0  -0145.3 
-1010.5 0520.7  1152.0  -0147.2 
-1259.9 0653.4  1167.0  -0149.9 
-0925.3 0819.2  1171.0  -0144.6 
-0917.5 0553.8  1159.0  -0144.5 
-0917.5 0620.2  1160.0  -0143.1 
-1002.8 0371.4  1162.0  -0147.9 
-0995.0 0570.4  1165.0  -0148.5 
-0948.5 0421.2  1150.0  -0151.4 
-1010.5 0653.4  1165.0  -0150.5 
-0886.6 0736.3  1181.0  -0146.3 
-0763.1 0587.0  1156.0  -0143.4 
-0855.7 0537.3  1170.0  -0142.8 
-0817.1 0238.8  1160.0  -0147.5 
-0716.9 0371.4  1157.0  -0148.2 
-0693.8 0255.3  1163.0  -0150.8 
-1026.1 0603.6  1173.0  -0151.2 
-0863.4 0338.3  1149.0  -0154.5 
-0971.8 0935.3  1172.0  -0147.5 
-0894.3 0354.8  1164.0  -0151.0 
-1197.3 0902.1  1187.0  -0147.8 
-0894.3 0520.7  1157.0  -0148.0 
-1049.4 0902.1  1181.0  -0142.9 
-1111.6 0636.8  1172.0  -0143.9 
-0471.1 0338.3  1139.0  -0141.8 
-0832.5 0653.4  1163.0  -0138.6 
-0647.6 0504.1  1162.0  -0135.8 
-0670.7 0404.6  1153.0  -0135.3 
-0578.5 0271.9  1163.0  -0136.2 
-0693.8 0288.5  1153.0  -0138.3 
-0840.2 0437.8  1167.0  -0139.5 
-0886.6 0338.3  1158.0  -0143.3 
-0956.3 0752.9  1165.0  -0139.8 
-1072.7 0504.1  1157.0  -0143.0 
-0987.3 0835.8  1166.0  -0138.3 
-0894.3 0537.3  1164.0  -0138.3 
-0763.1 0338.3  1166.0  -0140.4 
-0964.0 0719.7  1178.0  -0137.8 
-0925.3 0437.8  1157.0  -0140.2 
-1096.0 0902.1  1194.0  -0135.8 
-0832.5 0388.0  1162.0  -0137.9 
-1197.3 0935.3  1178.0  -0134.3 
-0747.7 0388.0  1162.0  -0135.2 
-1026.1 0819.2  1192.0  -0131.6 
-0832.5 0620.2  1169.0  -0129.1 
-0940.8 0686.5  1174.0  -0127.0 
-0817.1 0470.9  1161.0  -0127.4 
-0817.1 0603.6  1160.0  -0125.1 
-0701.5 0404.6  1155.0  -0125.2 
-0878.9 0537.3  1170.0  -0125.2 
-0863.4 0354.8  1153.0  -0128.5 
-0940.8 0653.4  1168.0  -0127.0 
-0740.0 0338.3  1158.0  -0129.0 
-0770.8 0470.9  1153.0  -0128.7 
-0902.1 0504.1  1165.0  -0129.6 
-0563.1 0238.8  1147.0  -0130.9 
-0716.9 0603.6  1156.0  -0127.2 
-0948.5 0968.4  1183.0  -0119.7 
-0855.7 0703.1  1168.0  -0116.1 
-0801.6 0703.1  1180.0  -0111.9 
-0570.8 0437.8  1169.0  -0109.7 
-0786.2 0603.6  1161.0  -0107.2 
-0809.4 0238.8  1157.0  -0112.4 
-0832.5 0603.6  1159.0  -0110.6 
-0693.8 0288.5  1152.0  -0113.0 
-0971.8 0669.9  1162.0  -0111.9 
-0917.5 0437.8  1155.0  -0114.5 
-0793.9 0537.3  1169.0  -0113.4 
-0855.7 0404.6  1162.0  -0115.9 
-0878.9 0288.5  1142.0  -0120.9 
-0786.2 0553.8  1155.0  -0119.3 
-0701.5 0354.8  1159.0  -0120.4 
-0909.8 0620.2  1179.0  -0119.3 
-0655.3 0288.5  1165.0  -0121.1 
-0616.9 0470.9  1153.0  -0118.8 
-0824.8 0354.8  1154.0  -0121.7 
-0563.1 0106.1  1155.0  -0125.7 
-0655.3 0421.2  1158.0  -0124.9 
-0632.3 0371.4  1154.0  -0124.6 
-0940.8 0537.3  1177.0  -0125.5 
-0871.1 0719.7  1168.0  -0121.7 
-0894.3 0520.7  1162.0  -0122.3 
-0855.7 0487.5  1168.0  -0123.0 
-0763.1 0404.6  1148.0  -0124.0 
-0902.1 0636.8  1164.0  -0122.3 
-0724.6 0305.1  1153.0  -0124.7 
-0817.1 0769.4  1167.0  -0119.3 
-0917.5 0305.1  1153.0  -0124.4 
-0786.2 0338.3  1156.0  -0127.0 
-0770.8 0404.6  1166.0  -0128.1 
-0547.8 0089.5  1140.0  -0132.2 
-0933.0 0570.4  1153.0  -0132.2 
-1064.9 0885.5  1188.0  -0127.8 
-0987.3 0653.4  1171.0  -0126.9 
-0909.8 0703.1  1161.0  -0124.1 
-0886.6 0487.5  1157.0  -0125.1 
-0609.2 0454.3  1163.0  -0122.9 
-0778.5 0255.3  1147.0  -0127.1 
-1026.1 0736.3  1171.0  -0125.2 
-0593.8 0388.0  1156.0  -0124.1 
-0755.4 0537.3  1176.0  -0122.3 
-0809.4 0388.0  1155.0  -0124.3 
0155.8  0454.3  1152.0  -0111.4 
-0624.6 0404.6  1168.0  -0110.7 
-0716.9 0288.5  1150.0  -0113.5 
-0832.5 0603.6  1180.0  -0111.6 
-0917.5 0338.3  1154.0  -0116.3 
-0909.8 0786.0  1189.0  -0111.9 
-0902.1 0404.6  1157.0  -0115.0 
-0971.8 0935.3  1192.0  -0108.5 
-0763.1 0470.9  1150.0  -0108.4 
-0855.7 0902.1  1194.0  -0101.1 
-0740.0 0537.3  1176.0  -0099.5 
-0770.8 0321.7  1164.0  -0102.5 
-0878.9 0553.8  1166.0  -0102.5 
-0755.4 0487.5  1155.0  -0102.0 
-0786.2 0504.1  1152.0  -0101.7 
-0716.9 0437.8  1154.0  -0101.7 
-0724.6 0288.5  1163.0  -0104.7 
-0809.4 0636.8  1175.0  -0102.0 
-0793.9 0388.0  1158.0  -0104.1 
-0979.5 1001.6  1183.0  -0096.6 
-0755.4 0487.5  1162.0  -0096.2 
-0709.2 0354.8  1149.0  -0097.8 
-0663.0 0487.5  1162.0  -0096.1 
-0609.2 0056.3  1152.0  -0102.2 
-0755.4 0487.5  1160.0  -0101.7 
-0709.2 0338.3  1159.0  -0103.6 
-0886.6 0587.0  1169.0  -0103.0 
-0871.1 0587.0  1178.0  -0102.2 
-0809.4 0470.9  1163.0  -0102.8 
-0670.7 0620.2  1170.0  -0098.5 
-0886.6 0371.4  1158.0  -0102.2 
-0747.7 0553.8  1167.0  -0100.3 
-0686.1 0421.2  1150.0  -0100.3 
-0878.9 0653.4  1167.0  -0098.3 
-0871.1 0404.6  1162.0  -0101.1 
-0709.2 0537.3  1158.0  -0099.1 
-0909.8 0553.8  1173.0  -0099.5 
-0793.9 0421.2  1158.0  -0100.9 
-0755.4 0470.9  1175.0  -0100.8 
-0755.4 0454.3  1152.0  -0101.0 
-0824.8 0504.1  1178.0  -0101.2 
-0770.8 0288.5  1159.0  -0104.9 
-0740.0 0238.8  1161.0  -0109.1 
-1041.6 0487.5  1163.0  -0112.6 
-0624.6 0255.3  1143.0  -0114.7 
-0817.1 0537.3  1161.0  -0114.0 
-1072.7 0819.2  1186.0  -0111.2 
-0948.5 0570.4  1180.0  -0111.7 
-0894.3 0653.4  1179.0  -0109.8 
-0817.1 0371.4  1156.0  -0112.4 
-0832.5 0520.7  1171.0  -0112.2 
-0824.8 0404.6  1153.0  -0114.2 
-0786.2 0421.2  1159.0  -0115.3 
-0547.8 0321.7  1162.0  -0115.1 
-0855.7 0636.8  1164.0  -0112.9 
-0770.8 0454.3  1168.0  -0113.1 
-0909.8 0802.6  1182.0  -0108.5 
-0755.4 0454.3  1153.0  -0108.6 
-1127.1 0885.5  1186.0  -0105.4 
-0848.0 0504.1  1157.0  -0105.9 
-0840.2 0371.4  1155.0  -0108.8 
-0987.3 0669.9  1166.0  -0107.9 
-0956.3 0703.1  1176.0  -0106.0 
-0832.5 0487.5  1149.0  -0106.5 
-0593.8 0487.5  1155.0  -0103.7 
-1072.7 0918.7  1181.0  -0099.2 
-0801.6 0520.7  1164.0  -0098.8 
-1033.8 0935.3  1175.0  -0093.4 
-0863.4 0736.3  1167.0  -0089.7 
-0886.6 0338.3  1163.0  -0094.2 
-0655.3 0388.0  1161.0  -0094.4 
-0763.1 0470.9  1168.0  -0094.5 
-0678.4 0255.3  1157.0  -0097.7 
-0801.6 0520.7  1163.0  -0097.3 
-0793.9 0255.3  1160.0  -0102.0 
-0878.9 0487.5  1168.0  -0103.3 
-0778.5 0321.7  1161.0  -0106.4 
-0693.8 0106.1  1158.0  -0112.5 
-0940.8 0437.8  1168.0  -0115.5 
-0686.1 0255.3  1148.0  -0118.4 
-0987.3 0520.7  1174.0  -0120.4 
-1103.8 0918.7  1181.0  -0116.0 
-1026.1 0587.0  1173.0  -0117.2 
-0925.3 0669.9  1160.0  -0115.3 
-0547.8 0305.1  1155.0  -0115.4 
-0639.9 0587.0  1157.0  -0111.1 
-0647.6 0437.8  1151.0  -0110.0 
-0632.3 0520.7  1164.0  -0107.1 
-0509.4 0338.3  1154.0  -0106.0 
-0809.4 0421.2  1172.0  -0107.6 
-0763.1 0338.3  1154.0  -0110.1 
-0894.3 0553.8  1163.0  -0110.2 
-1072.7 0504.1  1153.0  -0113.7 
-1181.7 1084.5  1182.0  -0107.3 
-1080.4 0504.1  1172.0  -0111.0 
-0956.3 0454.3  1154.0  -0113.9 
-0948.5 0703.1  1169.0  -0111.7 
-0817.1 0553.8  1149.0  -0110.7 
-1018.3 1001.6  1195.0  -0103.7 
-0740.0 0603.6  1166.0  -0100.7 
-0964.0 1001.6  1183.0  -0093.0 
-0840.2 0603.6  1171.0  -0091.6 
-0933.0 0736.3  1178.0  -0088.9 
-0863.4 0636.8  1162.0  -0087.2 
-0624.6 0487.5  1166.0  -0085.1 
-0670.7 0222.2  1152.0  -0088.9 
-0755.4 0255.3  1160.0  -0093.2 
-0724.6 0255.3  1160.0  -0097.0 
-0709.2 0454.3  1176.0  -0096.6 
-0770.8 0388.0  1147.0  -0098.4 
-0832.5 0587.0  1157.0  -0097.1 
-0878.9 0404.6  1157.0  -0100.1 
-0639.9 0139.3  1147.0  -0104.9 
-0793.9 0404.6  1156.0  -0106.6 
-0716.9 0271.9  1139.0  -0109.8 
-0871.1 0686.5  1162.0  -0106.9 
-0517.1 0454.3  1153.0  -0103.7 
-0832.5 0487.5  1175.0  -0104.3 
-0686.1 0603.6  1162.0  -0100.6 
-0747.7 0388.0  1148.0  -0102.0 
-0747.7 0421.2  1158.0  -0102.7 
-0678.4 0354.8  1158.0  -0103.8 
-0964.0 0669.9  1167.0  -0102.7 
-0724.6 0421.2  1151.0  -0103.1 
-0832.5 0636.8  1161.0  -0100.7 
-1049.4 0470.9  1154.0  -0104.7 
-0793.9 0271.9  1143.0  -0109.0 
-0840.2 0454.3  1162.0  -0110.3 
-0824.8 0354.8  1159.0  -0113.3 
-0824.8 0786.0  1176.0  -0107.8 
-0848.0 0454.3  1162.0  -0109.2 
-1018.3 1034.8  1188.0  -0101.6 
-0848.0 0421.2  1156.0  -0103.7 
-1080.4 0985.0  1194.0  -0098.0 
-1041.6 0603.6  1171.0  -0099.3 
-1041.6 0918.7  1181.0  -0094.4 
-0716.9 0752.9  1177.0  -0088.3 
-0678.4 0786.0  1174.0  -0081.0 
-0832.5 0487.5  1162.0  -0082.0 
-0747.7 0238.8  1162.0  -0086.6 
-0786.2 0321.7  1151.0  -0090.0 
-0840.2 0338.3  1164.0  -0093.9 
-0801.6 0255.3  1149.0  -0098.8 
-0948.5 0587.0  1159.0  -0099.1 
-0917.5 0520.7  1152.0  -0100.3 
-1088.2 0669.9  1176.0  -0100.9 
-0824.8 0537.3  1156.0  -0100.5 
-1080.4 0968.4  1188.0  -0095.1 
-0817.1 0752.9  1162.0  -0090.4 
-1064.9 0885.5  1187.0  -0086.6 
-0824.8 0719.7  1168.0  -0082.7 
-0778.5 0636.8  1178.0  -0079.9 
-0663.0 0487.5  1159.0  -0078.5 
-0678.4 0553.8  1177.0  -0076.0 
-0732.3 0238.8  1157.0  -0080.5 
-0724.6 0520.7  1163.0  -0079.2 
-0747.7 0238.8  1158.0  -0083.9 
-0732.3 0553.8  1170.0  -0082.0 
-0971.8 0305.1  1159.0  -0088.5 
-0933.0 0354.8  1164.0  -0093.3 
-0786.2 0388.0  1164.0  -0095.4 
-0995.0 0985.0  1186.0  -0088.6 
-0724.6 0653.4  1161.0  -0084.6 
-0716.9 0288.5  1156.0  -0087.8 
-0933.0 0686.5  1165.0  -0086.1 
-0917.5 0487.5  1167.0  -0088.1 
-1010.5 0885.5  1193.0  -0083.6 
-0863.4 0421.2  1149.0  -0086.2 
-1002.8 1001.6  1185.0  -0079.3 
-0894.3 0520.7  1171.0  -0080.5 
-0933.0 0885.5  1176.0  -0075.0 
-0616.9 0570.4  1174.0  -0071.3 
-0624.6 0470.9  1160.0  -0069.8 
-0716.9 0437.8  1158.0  -0070.2 
-0655.3 0388.0  1168.0  -0070.7 
-0724.6 0271.9  1155.0  -0074.5 
-0763.1 0553.8  1170.0  -0073.3 
-0832.5 0238.8  1163.0  -0079.2 
-0909.8 0570.4  1180.0  -0079.6 
-0786.2 0487.5  1153.0  -0079.9 
-0732.3 0421.2  1156.0  -0080.7 
-1041.6 0636.8  1167.0  -0081.6 
-0709.2 0205.6  1154.0  -0086.4 
-0824.8 0537.3  1167.0  -0086.1 
-0678.4 0504.1  1152.0  -0084.5 
-0724.6 0653.4  1169.0  -0080.6 
-0793.9 0703.1  1169.0  -0076.7 
-0663.0 0321.7  1168.0  -0078.6 
-0624.6 0537.3  1166.0  -0075.6 
-0824.8 0388.0  1157.0  -0078.5 
-0793.9 0388.0  1168.0  -0080.9 
-0632.3 0354.8  1158.0  -0081.6 
-0917.5 0885.5  1191.0  -0075.8 
-0917.5 0454.3  1160.0  -0078.7 
-0740.0 0520.7  1166.0  -0077.7 
-1033.8 0520.7  1162.0  -0080.8 
-0871.1 0404.6  1152.0  -0083.9 
-0925.3 0537.3  1174.0  -0085.1 
-0964.0 0487.5  1157.0  -0087.8 
-1057.1 0653.4  1162.0  -0088.5 
-0770.8 0421.2  1156.0  -0089.8 
-0809.4 0968.4  1179.0  -0080.8 
-0709.2 0470.9  1167.0  -0080.3 
-0793.9 0852.4  1195.0  -0073.5 
-0863.4 0487.5  1167.0  -0074.9 
-0956.3 0918.7  1181.0  -0069.2 
-0909.8 0520.7  1166.0  -0070.7 
-0763.1 0553.8  1173.0  -0069.5 
-0878.9 0238.8  1167.0  -0076.1 
-0693.8 0520.7  1167.0  -0074.5 
-0786.2 0288.5  1158.0  -0078.8 
-0840.2 0769.4  1177.0  -0074.3 
-0878.9 0321.7  1157.0  -0079.2 
-0917.5 0587.0  1164.0  -0079.4 
-0902.1 0537.3  1158.0  -0080.3 
-1010.5 0636.8  1165.0  -0080.8 
-0840.2 0421.2  1170.0  -0083.1 
-0793.9 0388.0  1149.0  -0085.4 
-0809.4 0504.1  1169.0  -0085.6 
-0964.0 0802.6  1182.0  -0082.1 
-0902.1 0553.8  1174.0  -0082.7 
-0755.4 0504.1  1177.0  -0082.2 
-0639.9 0371.4  1152.0  -0082.7 
-0639.9 0421.2  1171.0  -0082.2 
-0740.0 0288.5  1161.0  -0085.7 
-0809.4 0470.9  1170.0  -0086.6 
-0855.7 0703.1  1181.0  -0083.5 
-0747.7 0537.3  1158.0  -0082.2 
-0786.2 0454.3  1169.0  -0083.1 
-0817.1 0255.3  1162.0  -0088.3 
-0956.3 0504.1  1164.0  -0090.6 
-0616.9 0305.1  1153.0  -0091.9 
-0909.8 0587.0  1173.0  -0091.8 
-1072.7 0404.6  1159.0  -0097.6 
-1080.4 0587.0  1171.0  -0099.8 
-0940.8 0570.4  1164.0  -0100.3 
-1166.1 1150.9  1179.0  -0092.6 
-0933.0 0620.2  1167.0  -0092.1 
-0902.1 1018.2  1191.0  -0083.4 
-0670.7 0669.9  1170.0  -0078.4 
-0402.1 0189.0  1147.0  -0079.2 
-0616.9 0388.0  1167.0  -0079.1 
-0647.6 0288.5  1160.0  -0081.4 
-0716.9 0321.7  1163.0  -0083.9 
-0801.6 0487.5  1163.0  -0084.4 
-0995.0 0189.0  1162.0  -0093.4 
-1026.1 0587.0  1164.0  -0094.9 
-0964.0 0421.2  1155.0  -0098.8 
-0886.6 0636.8  1163.0  -0097.3 
-0917.5 0570.4  1159.0  -0097.5 
-1010.5 0868.9  1182.0  -0093.2 
-0786.2 0553.8  1157.0  -0092.0 
-0609.2 0437.8  1152.0  -0090.6 
-0747.7 0669.9  1163.0  -0086.6 
-0824.8 0819.2  1183.0  -0080.8 
-0770.8 0371.4  1159.0  -0083.1 
-0817.1 0487.5  1160.0  -0083.8 
-1010.5 0968.4  1192.0  -0077.7 
-0917.5 0570.4  1165.0  -0078.2 
-0933.0 0918.7  1192.0  -0072.1 
-0909.8 0620.2  1163.0  -0071.6 
-0940.8 0636.8  1181.0  -0071.2 
-0763.1 0570.4  1168.0  -0069.6 
-0701.5 0470.9  1170.0  -0069.2 
-0755.4 0388.0  1149.0  -0071.2 
-0740.0 0570.4  1167.0  -0069.3 
-0740.0 0321.7  1153.0  -0072.4 
-0964.0 0620.2  1165.0  -0072.6 
-0878.9 0437.8  1149.0  -0075.3 
-0763.1 0454.3  1158.0  -0076.0 
-0740.0 0338.3  1166.0  -0078.6 
-0956.3 0902.1  1193.0  -0073.1 
-0855.7 0454.3  1171.0  -0075.1 
-0770.8 0321.7  1157.0  -0078.5 
-0824.8 0669.9  1168.0  -0075.8 
-0709.2 0338.3  1155.0  -0078.0 
-0778.5 0504.1  1158.0  -0077.9 
-0763.1 0504.1  1158.0  -0077.5 
-0740.0 0271.9  1158.0  -0081.4 
-0103.9 0570.4  1164.0  -0070.5 
-1018.3 0222.2  1162.0  -0079.4 
-1103.8 0470.9  1169.0  -0084.5 
-0778.5 0487.5  1156.0  -0084.6 
-0855.7 0470.9  1161.0  -0086.1 
-0855.7 0371.4  1167.0  -0089.6 
-0894.3 1034.8  1180.0  -0080.4 
-0817.1 0570.4  1159.0  -0079.5 
-0763.1 0487.5  1155.0  -0079.5 
-0878.9 0686.5  1174.0  -0077.2 
-0793.9 0603.6  1182.0  -0075.3 
-0824.8 0388.0  1162.0  -0078.1 
-0871.1 0454.3  1154.0  -0080.3 
-1010.5 0852.4  1193.0  -0076.5 
-0871.1 0603.6  1163.0  -0075.8 
-0971.8 0835.8  1190.0  -0071.8 
-1041.6 0570.4  1176.0  -0074.2 
-1033.8 0603.6  1173.0  -0075.7 
-0809.4 0437.8  1167.0  -0077.4 
-0763.1 0669.9  1163.0  -0073.8 
-0917.5 0305.1  1165.0  -0079.6 
-0917.5 0421.2  1166.0  -0083.0 
-0909.8 0388.0  1152.0  -0087.0 
-0863.4 0769.4  1167.0  -0082.7 
-0855.7 0404.6  1152.0  -0085.5 
-0555.4 0371.4  1169.0  -0084.8 
-0809.4 0388.0  1166.0  -0087.3 
-1002.8 0985.0  1182.0  -0080.7 
-0917.5 0669.9  1160.0  -0079.2 
-0832.5 0520.7  1156.0  -0079.5 
-0786.2 0686.5  1167.0  -0075.9 
-0886.6 0653.4  1170.0  -0074.3 
-0686.1 0338.3  1150.0  -0076.2 
-0747.7 0454.3  1163.0  -0076.7 
-0663.0 0371.4  1147.0  -0077.6 
-0987.3 0620.2  1162.0  -0078.1 
-0902.1 0271.9  1150.0  -0084.3 
-0971.8 0620.2  1166.0  -0084.5 
-0878.9 0437.8  1171.0  -0087.0 
-0871.1 0636.8  1172.0  -0085.4 
-0786.2 0454.3  1169.0  -0086.3 
-0770.8 0388.0  1157.0  -0088.2 
-0778.5 0719.7  1167.0  -0083.7 
-0540.1 0421.2  1166.0  -0081.8 
-0778.5 0918.7  1176.0  -0073.5 
-0647.6 0388.0  1172.0  -0073.9 
-0639.9 0338.3  1155.0  -0075.1 
-0778.5 0470.9  1169.0  -0075.7 
-0632.3 0155.8  1154.0  -0080.4 
-0863.4 0553.8  1169.0  -0080.5 
-0747.7 0189.0  1158.0  -0086.1 
-1018.3 0669.9  1163.0  -0085.9 
-0701.5 0354.8  1153.0  -0087.6 
-0925.3 0338.3  1151.0  -0092.6 
-0917.5 0470.9  1158.0  -0094.9 
-0632.3 0437.8  1152.0  -0093.8 
-0925.3 0620.2  1161.0  -0093.2 
-0701.5 0404.6  1152.0  -0093.8 
-0801.6 0537.3  1172.0  -0093.1 
-0840.2 0454.3  1156.0  -0094.6 
-1018.3 1034.8  1181.0  -0087.2 
-0732.3 0454.3  1167.0  -0087.2 
-0732.3 0139.3  1147.0  -0093.5 
-0940.8 0487.5  1171.0  -0095.8 
-0940.8 0769.4  1178.0  -0092.5 
-0878.9 0636.8  1164.0  -0090.9 
-0678.4 0437.8  1159.0  -0090.5 
-0686.1 0321.7  1151.0  -0092.5 
-0956.3 0852.4  1189.0  -0087.8 
-0824.8 0354.8  1153.0  -0091.2 
-0848.0 0487.5  1167.0  -0092.1 
-0855.7 0454.3  1152.0  -0093.9 
-0863.4 0703.1  1167.0  -0090.8 
-1026.1 0437.8  1160.0  -0095.3 
-0670.7 0321.7  1161.0  -0097.0 
-0909.8 0620.2  1158.0  -0096.2 
-0701.5 0238.8  1156.0  -0099.9 
-0964.0 0537.3  1167.0  -0101.5 
-0894.3 0437.8  1161.0  -0103.9 
-0964.0 0902.1  1175.0  -0098.2 
-0933.0 0553.8  1172.0  -0099.0 
-1064.9 0918.7  1179.0  -0094.4 
-0809.4 0537.3  1156.0  -0093.8 
-0979.5 0918.7  1179.0  -0088.1 
-0917.5 0703.1  1170.0  -0085.9 
-0886.6 0918.7  1185.0  -0079.0 
-0793.9 0686.5  1173.0  -0075.5 
-0848.0 0570.4  1171.0  -0075.0 
-0786.2 0288.5  1161.0  -0079.3 
-0763.1 0487.5  1165.0  -0079.3 
-0832.5 0470.9  1161.0  -0080.6 
-1041.6 0703.1  1175.0  -0080.2 
-0917.5 0371.4  1153.0  -0084.6 
-1088.2 0537.3  1166.0  -0088.0 
-0948.5 0537.3  1161.0  -0089.5 
-1057.1 0653.4  1177.0  -0090.2 
-0886.6 0470.9  1164.0  -0092.1 
-0755.4 0421.2  1152.0  -0093.0 
-0786.2 0636.8  1164.0  -0090.2 
-0855.7 0404.6  1150.0  -0093.0 
-0716.9 0553.8  1172.0  -0090.8 
-0547.8 0603.6  1171.0  -0085.3 
-0778.5 0321.7  1159.0  -0088.7 
-0925.3 0371.4  1166.0  -0093.1 
-0878.9 0371.4  1150.0  -0096.7 
-0925.3 0487.5  1159.0  -0098.7 
-1088.2 0470.9  1152.0  -0103.3 
-0971.8 0636.8  1171.0  -0102.9 
-0824.8 0371.4  1152.0  -0105.7 
-0848.0 0454.3  1151.0  -0107.2 
-0848.0 0587.0  1171.0  -0106.0 
-0701.5 0305.1  1162.0  -0108.3 
-0778.5 0537.3  1163.0  -0107.1 
-0547.8 0404.6  1150.0  -0105.3 
-0878.9 0835.8  1188.0  -0099.7 
-0770.8 0421.2  1157.0  -0100.8 
-0894.3 0835.8  1188.0  -0095.4 
-0724.6 0321.7  1156.0  -0097.9 
-1049.4 0935.3  1179.0  -0092.8 
-1018.3 0570.4  1168.0  -0094.5 
-0755.4 0255.3  1153.0  -0098.7 
-0925.3 0553.8  1166.0  -0099.4 
-0724.6 0537.3  1155.0  -0097.5 
-0863.4 0338.3  1160.0  -0101.6 
-0701.5 0570.4  1172.0  -0098.8 
-0709.2 0305.1  1162.0  -0101.3 
-0755.4 0537.3  1170.0  -0099.9 
-0747.7 0338.3  1158.0  -0102.3 
-0678.4 0636.8  1175.0  -0097.8 
-0817.1 0321.7  1162.0  -0101.5 
-0995.0 0951.9  1188.0  -0095.3 
-0425.1 0371.4  1160.0  -0092.6 
-0786.2 0305.1  1153.0  -0096.3 
-1103.8 0669.9  1169.0  -0097.2 
-0979.5 0835.8  1188.0  -0093.1 
-0894.3 0669.9  1160.0  -0091.1 
-0902.1 0669.9  1172.0  -0089.3 
-0840.2 0388.0  1153.0  -0092.1 
-0871.1 0404.6  1167.0  -0095.1 
-1072.7 0985.0  1192.0  -0089.3 
-0909.8 0620.2  1178.0  -0088.6 
-0933.0 0752.9  1181.0  -0085.6 
-0917.5 0470.9  1174.0  -0088.0 
-0809.4 0388.0  1169.0  -0090.4 
-0616.9 0371.4  1147.0  -0090.5 
-0755.4 0653.4  1162.0  -0086.9 
-0770.8 0288.5  1159.0  -0090.8 
-0964.0 0918.7  1180.0  -0084.9 
-0894.3 0470.9  1154.0  -0087.0 
-0971.8 0819.2  1189.0  -0083.2 
-0747.7 0537.3  1163.0  -0082.0 
-0755.4 0421.2  1160.0  -0083.1 
-0716.9 0537.3  1167.0  -0081.4 
-0732.3 0255.3  1155.0  -0085.5 
-0855.7 0603.6  1166.0  -0084.4 
-0709.2 0338.3  1166.0  -0086.4 
-0801.6 0437.8  1166.0  -0087.8 
-1026.1 0603.6  1176.0  -0089.1 
-0902.1 0305.1  1162.0  -0094.5 
-0863.4 0587.0  1157.0  -0093.7 
-0786.2 0305.1  1163.0  -0097.3 
-0886.6 0603.6  1177.0  -0096.5 
-0809.4 0354.8  1163.0  -0099.5 
-0801.6 0470.9  1174.0  -0100.0 
-0793.9 0271.9  1166.0  -0104.4 
-0678.4 0288.5  1161.0  -0106.8 
-0732.3 0537.3  1167.0  -0104.9 
-0948.5 0935.3  1181.0  -0098.3 
-1033.8 0653.4  1161.0  -0098.5 
-1010.5 0404.6  1154.0  -0103.3 
-0878.9 0587.0  1161.0  -0102.6 
-0886.6 0388.0  1159.0  -0106.0 
-0678.4 0388.0  1149.0  -0106.3 
-0786.2 0470.9  1156.0  -0106.6 
-0517.1 0338.3  1153.0  -0105.7 
-0778.5 0669.9  1167.0  -0101.9 
-0616.9 0255.3  1158.0  -0104.1 
-0663.0 0388.0  1167.0  -0104.2 
-0770.8 0338.3  1158.0  -0106.9 
-0786.2 0255.3  1154.0  -0111.4 
-0801.6 0504.1  1170.0  -0111.1 
-0747.7 0371.4  1163.0  -0112.7 
-0909.8 0703.1  1181.0  -0110.0 
-0824.8 0470.9  1153.0  -0110.8 
-0925.3 0636.8  1178.0  -0109.6 
-0878.9 0371.4  1159.0  -0113.1 
-0971.8 0868.9  1179.0  -0108.0 
-0663.0 0470.9  1161.0  -0106.5 
-0663.0 0321.7  1147.0  -0107.9 
-0863.4 0570.4  1178.0  -0107.3 
-0801.6 0404.6  1161.0  -0109.0 
-0740.0 0388.0  1167.0  -0110.2 
-0716.9 0520.7  1169.0  -0108.4 
-0840.2 0222.2  1161.0  -0114.3 
-0971.8 0769.4  1182.0  -0111.2 
-0732.3 0338.3  1159.0  -0113.2 
-0670.7 0587.0  1163.0  -0109.4 
-0755.4 0421.2  1157.0  -0110.2 
-0948.5 0338.3  1159.0  -0115.3 
-0863.4 0802.6  1160.0  -0109.9 
-0894.3 0255.3  1143.0  -0115.9 
-0778.5 0537.3  1164.0  -0114.6 
-0809.4 0388.0  1155.0  -0116.7 
-0940.8 0985.0  1180.0  -0108.8 
-0724.6 0371.4  1152.0  -0110.1 
-0732.3 1001.6  1184.0  -0099.1 
-0793.9 0288.5  1158.0  -0103.1 
-0732.3 0238.8  1163.0  -0107.2 
-0732.3 0537.3  1170.0  -0105.4 
-0933.0 0238.8  1151.0  -0112.3 
-0987.3 0537.3  1168.0  -0113.9 
-0763.1 0321.7  1159.0  -0116.7 
-1002.8 0404.6  1163.0  -0121.1 
-1049.4 0570.4  1171.0  -0122.9 
-0886.6 0321.7  1163.0  -0127.2 
-1002.8 0736.3  1163.0  -0125.0 
-0716.9 0421.2  1151.0  -0125.0 
-0793.9 0653.4  1163.0  -0121.5 
-0925.3 0421.2  1160.0  -0124.4 
-0933.0 0636.8  1172.0  -0123.2 
-0763.1 0537.3  1155.0  -0121.6 
-0902.1 0902.1  1179.0  -0114.7 
-0770.8 0421.2  1170.0  -0115.6 
-0686.1 0305.1  1159.0  -0117.6 
-0979.5 0553.8  1172.0  -0118.8 
-1018.3 0703.1  1169.0  -0117.5 
-0855.7 0487.5  1162.0  -0118.2 
-1080.4 0736.3  1170.0  -0117.2 
-0995.0 0388.0  1147.0  -0121.8 
-0917.5 0537.3  1167.0  -0122.4 
-0832.5 0553.8  1160.0  -0121.4 
-0817.1 0802.6  1178.0  -0115.4 
-0855.7 0520.7  1164.0  -0115.5 
-0624.6 0388.0  1165.0  -0114.9 
-0793.9 0404.6  1168.0  -0116.5 
-0655.3 0388.0  1164.0  -0116.4 
-0840.2 0603.6  1168.0  -0114.6 
-0855.7 0388.0  1150.0  -0117.4 
-0956.3 0786.0  1171.0  -0113.6 
-0863.4 0388.0  1153.0  -0116.5 
-1002.8 0951.9  1179.0  -0110.1 
-0979.5 0504.1  1153.0  -0112.4 
-0786.2 0388.0  1163.0  -0114.2 
-0925.3 0553.8  1165.0  -0114.6 
-0832.5 0421.2  1152.0  -0116.4 
-1018.3 0719.7  1165.0  -0114.8 
-0663.0 0388.0  1162.0  -0114.8 
-0586.2 0338.3  1149.0  -0114.8 
-0593.8 0603.6  1165.0  -0109.6 
-0747.7 0238.8  1160.0  -0113.8 
-0793.9 0354.8  1169.0  -0116.4 
-0755.4 0238.8  1157.0  -0120.6 
-0917.5 0537.3  1176.0  -0121.2 
-0894.3 0421.2  1156.0  -0123.7 
-0855.7 0238.8  1168.0  -0129.3 
-0824.8 0421.2  1171.0  -0130.7 
-0778.5 0354.8  1147.0  -0132.8 
-0855.7 0636.8  1156.0  -0130.4 
-0979.5 0935.3  1173.0  -0123.8 
-0917.5 0719.7  1162.0  -0120.7 
-0716.9 0454.3  1148.0  -0120.1 
-0832.5 0255.3  1154.0  -0125.1 
-0747.7 0537.3  1160.0  -0123.2 
-0632.3 0354.8  1154.0  -0123.4 
-0732.3 0487.5  1174.0  -0122.3 
-0786.2 0404.6  1151.0  -0123.6 
-0848.0 0520.7  1165.0  -0123.5 
-0894.3 0636.8  1168.0  -0121.7 
-0701.5 0354.8  1158.0  -0122.9 
-0855.7 0553.8  1167.0  -0122.2 
-0801.6 0338.3  1158.0  -0125.1 
-1002.8 0537.3  1164.0  -0126.8 
-0848.0 0404.6  1161.0  -0128.9 
-1119.4 0918.7  1179.0  -0124.7 
-1026.1 0454.3  1164.0  -0128.3 
-1018.3 0968.4  1178.0  -0121.7 
-0956.3 0520.7  1168.0  -0123.1 
-1080.4 0868.9  1190.0  -0119.4 
 