 -2304.7 -8144.7 
0709.2  -2304.7 -9008.7 
0624.6  -4688.7 -0544.7 
0693.8  -4688.7 -2016.7 
0670.7  -4688.7 -9232.7 
0616.9  -4688.7 -0752.7 
0686.1  -4688.7 -6240.7 
0632.3  -4688.7 -8416.7 
0632.3  -4416.7 -8416.7 
0686.1  -4416.7 -6240.7 
0647.6  -4416.7 -4880.7 
0670.7  -4688.7 -9232.7 
0716.9  -4688.7 -9008.7 
0601.5  -2304.7 -5920.7 
0701.5  -2304.7 -9008.7 
0755.4  -4416.7 -3648.7 
0663.0  -4688.7 -9008.7 
0663.0  -7072.7 -9008.7 
0678.4  -9456.7 -5456.7 
0701.5  -9456.7 -9008.7 
0655.3  -1712.7 -4288.7 
0686.1  -2768.7 -6240.7 
0709.2  -1712.7 -9008.7 
0686.1  -3488.7 -6240.7 
0632.3  -3488.7 -8416.7 
0686.1  -4096.7 -6240.7 
0678.4  -4096.7 -5456.7 
0647.6  -4096.7 -4880.7 
0647.6  -4096.7 -4880.7 
0655.3  -4096.7 -4288.7 
0578.5  -4096.7 -5168.7 
0570.8  -4096.7 -4880.7 
0693.8  -3488.7 -2016.7 
0693.8  -4096.7 -2016.7 
0624.6  -4096.7 -0544.7 
0663.0  -4096.7 -9008.7 
0663.0  -6608.7 -9008.7 
0670.7  -9920.7 -9232.7 
0678.4  -8992.7 -5456.7 
0709.2  -8992.7 -9008.7 
0701.5  -7792.7 -9008.7 
0670.7  -3760.7 -9232.7 
0616.9  -3760.7 -0752.7 
0647.6  -3760.7 -4880.7 
0624.6  -2688.7 -0544.7 
0601.5  -3760.7 -5920.7 
0747.7  -3760.7 -8544.7 
0639.9  -2688.7 -8144.7 
0639.9  -3760.7 -8144.7 
0663.0  -3760.7 -9008.7 
0655.3  -6144.7 -4288.7 
0655.3  -6144.7 -4288.7 
0693.8  -6144.7 -2016.7 
0609.2  -6144.7 -9168.7 
0693.8  -6144.7 -2016.7 
0724.6  -6144.7 -9008.7 
0647.6  -3760.7 -4880.7 
0686.1  -3760.7 -6240.7 
0632.3  -3760.7 -8416.7 
0655.3  -3760.7 -4288.7 
0632.3  -2688.7 -8416.7 
0701.5  -2688.7 -9008.7 
0670.7  -6144.7 -9232.7 
0716.9  -6144.7 -9008.7 
0655.3  -2688.7 -4288.7 
0678.4  -3760.7 -5456.7 
0601.5  -3760.7 -5920.7 
0732.3  -3760.7 -1808.7 
0670.7  -3760.7 -9232.7 
0678.4  -3760.7 -5456.7 
0678.4  -3760.7 -5456.7 
0686.1  -3760.7 -6240.7 
0647.6  -2688.7 -4880.7 
0678.4  -3760.7 -5456.7 
0601.5  -3760.7 -5920.7 
0701.5  -2688.7 -9008.7 
0747.7  -6144.7 -8544.7 
0701.5  -6144.7 -9008.7 
0624.6  -8400.7 -0544.7 
0655.3  -2096.7 -4288.7 
0686.1  -2096.7 -6240.7 
0732.3  -8400.7 -1808.7 
0709.2  -2096.7 -9008.7 
0670.7  -6864.7 -9232.7 
0716.9  -6864.7 -9008.7 
0686.1  -8400.7 -6240.7 
0724.6  -2096.7 -9008.7 
0732.3  -6144.7 -1808.7 
0639.9  -6144.7 -8144.7 
0709.2  -6144.7 -9008.7 
0563.1  -8400.7 -3056.7 
0632.3  -2096.7 -8416.7 
0639.9  -8400.7 -8144.7 
0647.6  -2096.7 -4880.7 
0716.9  -8400.7 -9008.7 
0716.9  -7456.7 -9008.7 
0724.6  -3760.7 -9008.7 
0693.8  -1376.7 -2016.7 
0632.3  -1376.7 -8416.7 
0740.0  -1376.7 -9008.7 
0709.2  -8992.7 -9008.7 
0601.5  -1376.7 -5920.7 
0663.0  -1376.7 -9008.7 
0670.7  -3760.7 -9232.7 
0647.6  -2688.7 -4880.7 
0693.8  -3760.7 -2016.7 
0639.9  -3760.7 -8144.7 
0586.2  -3760.7 -3920.7 
0770.8  -2688.7 -7072.7 
0724.6  -2688.7 -9008.7 
0678.4  -1376.7 -5456.7 
0709.2  -1376.7 -9008.7 
0670.7  -3760.7 -9232.7 
0701.5  -3760.7 -9008.7 
0632.3  -6144.7 -8416.7 
0678.4  -6144.7 -5456.7 
0663.0  -6144.7 -9008.7 
0616.9  -8400.7 -0752.7 
0732.3  -8400.7 -1808.7 
0701.5  -8400.7 -9008.7 
0593.8  -6864.7 -0752.7 
0639.9  -0912.7 -8144.7 
0609.2  -0912.7 -9168.7 
0740.0  -0912.7 -9008.7 
0624.6  -8400.7 -0544.7 
0732.3  -8400.7 -1808.7 
0693.8  -2096.7 -2016.7 
0724.6  -8400.7 -9008.7 
0732.3  -6144.7 -1808.7 
0639.9  -6144.7 -8144.7 
0655.3  -6144.7 -4288.7 
0616.9  -7456.7 -0752.7 
0670.7  -6144.7 -9232.7 
0670.7  -6144.7 -9232.7 
0593.8  -6144.7 -0752.7 
0678.4  -6144.7 -5456.7 
0655.3  -6144.7 -4288.7 
0655.3  -6144.7 -4288.7 
0655.3  -6144.7 -4288.7 
0763.1  -6144.7 -6448.7 
0693.8  -6144.7 -2016.7 
0655.3  -7072.7 -4288.7 
0678.4  -6144.7 -5456.7 
0663.0  -7456.7 -9008.7 
0740.0  -8400.7 -9008.7 
0663.0  -6144.7 -9008.7 
0639.9  -8400.7 -8144.7 
0624.6  -8400.7 -0544.7 
0678.4  -8400.7 -5456.7 
0624.6  -2096.7 -0544.7 
0624.6  -8400.7 -0544.7 
0709.2  -8400.7 -9008.7 
0686.1  -0912.7 -6240.7 
0647.6  -0912.7 -4880.7 
0570.8  -0912.7 -4880.7 
0663.0  -0912.7 -9008.7 
0686.1  -3296.7 -6240.7 
0663.0  -3296.7 -9008.7 
0693.8  -5680.7 -2016.7 
0732.3  -5680.7 -1808.7 
0693.8  -6672.7 -2016.7 
0639.9  -5680.7 -8144.7 
0609.2  -5680.7 -9168.7 
0670.7  -5680.7 -9232.7 
0732.3  -6400.7 -1808.7 
0632.3  -6672.7 -8416.7 
0709.2  -6672.7 -9008.7 
0578.5  -8064.7 -5168.7 
0670.7  -1296.7 -9232.7 
0740.0  -8064.7 -9008.7 
0593.8  -5680.7 -0752.7 
0670.7  -6400.7 -9232.7 
0632.3  -5680.7 -8416.7 
0693.8  -5680.7 -2016.7 
0670.7  -6672.7 -9232.7 
0693.8  -6400.7 -2016.7 
0701.5  -5680.7 -9008.7 
0670.7  -1296.7 -9232.7 
0663.0  -8064.7 -9008.7 
0701.5  -0448.7 -9008.7 
0655.3  -2704.7 -4288.7 
0701.5  -2704.7 -9008.7 
0663.0  -5472.7 -9008.7 
0755.4  -7600.7 -3648.7 
0632.3  -7600.7 -8416.7 
0763.1  -7600.7 -6448.7 
0709.2  -7600.7 -9008.7 
0632.3  -9984.7 -8416.7 
0655.3  -9984.7 -4288.7 
0770.8  -9984.7 -7072.7 
0686.1  -5008.7 -6240.7 
0670.7  -9984.7 -9232.7 
0663.0  -9984.7 -9008.7 
0632.3  -2368.7 -8416.7 
0655.3  -2368.7 -4288.7 
0693.8  -2368.7 -2016.7 
0647.6  -2368.7 -4880.7 
0686.1  -9904.7 -6240.7 
0601.5  -2368.7 -5920.7 
0678.4  -2368.7 -5456.7 
0693.8  -2368.7 -2016.7 
0670.7  -9904.7 -9232.7 
0670.7  -9904.7 -9232.7 
0716.9  -2368.7 -9008.7 
0678.4  -9984.7 -5456.7 
0570.8  -9984.7 -4880.7 
0678.4  -9984.7 -5456.7 
0740.0  -5008.7 -9008.7 
0593.8  -8528.7 -0752.7 
0693.8  -7600.7 -2016.7 
0701.5  -7600.7 -9008.7 
0670.7  -9984.7 -9232.7 
0647.6  -9984.7 -4880.7 
0670.7  -0976.7 -9232.7 
0778.5  -0976.7 -9008.7 
0639.9  -9904.7 -8144.7 
0716.9  -9904.7 -9008.7 
0670.7  -9984.7 -9232.7 
0632.3  -9984.7 -8416.7 
0716.9  -5008.7 -9008.7 
0693.8  -7600.7 -2016.7 
0655.3  -7600.7 -4288.7 
0609.2  -8528.7 -9168.7 
0701.5  -7600.7 -9008.7 
0686.1  -9984.7 -6240.7 
0716.9  -9984.7 -9008.7 
0647.6  -7600.7 -4880.7 
0655.3  -7600.7 -4288.7 
0740.0  -7600.7 -9008.7 
0732.3  -5472.7 -1808.7 
0663.0  -5088.7 -9008.7 
0732.3  -7600.7 -1808.7 
0609.2  -7600.7 -9168.7 
0793.9  -7600.7 -4864.7 
0570.8  -7600.7 -4880.7 
0639.9  -7600.7 -8144.7 
0693.8  -0240.7 -2016.7 
0601.5  -7600.7 -5920.7 
0709.2  -7600.7 -9008.7 
0755.4  -9984.7 -3648.7 
0701.5  -9984.7 -9008.7 
0639.9  -2368.7 -8144.7 
0709.2  -2368.7 -9008.7 
0624.6  -4752.7 -0544.7 
0678.4  -4752.7 -5456.7 
0663.0  -4752.7 -9008.7 
0716.9  -7008.7 -9008.7 
0740.0  -4752.7 -9008.7 
0663.0  -2368.7 -9008.7 
0663.0  -4752.7 -9008.7 
0663.0  -7008.7 -9008.7 
0709.2  -9392.7 -9008.7 
0716.9  -8848.7 -9008.7 
0632.3  -9392.7 -8416.7 
0755.4  -9392.7 -3648.7 
0670.7  -9392.7 -9232.7 
0639.9  -9392.7 -8144.7 
0724.6  -9392.7 -9008.7 
0693.8  -7008.7 -2016.7 
0770.8  -8064.7 -7072.7 
0686.1  -7008.7 -6240.7 
0647.6  -7008.7 -4880.7 
0724.6  -7008.7 -9008.7 
0670.7  -4752.7 -9232.7 
0663.0  -4752.7 -9008.7 
0686.1  -9440.7 -6240.7 
0647.6  -7008.7 -4880.7 
0709.2  -7008.7 -9008.7 
0701.5  -9392.7 -9008.7 
0724.6  -1904.7 -9008.7 
0663.0  -9392.7 -9008.7 
0632.3  -1904.7 -8416.7 
0670.7  -1904.7 -9232.7 
0647.6  -1904.7 -4880.7 
0639.9  -2832.7 -8144.7 
0663.0  -1904.7 -9008.7 
0678.4  -3616.7 -5456.7 
0663.0  -3616.7 -9008.7 
0678.4  -6672.7 -5456.7 
0724.6  -8512.7 -9008.7 
0716.9  -4288.7 -9008.7 
0663.0  -1904.7 -9008.7 
0647.6  -4288.7 -4880.7 
0701.5  -4288.7 -9008.7 
0639.9  -6672.7 -8144.7 
0701.5  -8512.7 -9008.7 
0601.5  -9056.7 -5920.7 
0732.3  -9056.7 -1808.7 
0663.0  -3280.7 -9008.7 
0709.2  -1312.7 -9008.7 
0624.6  -2688.7 -0544.7 
0686.1  -2688.7 -6240.7 
0755.4  -3696.7 -3648.7 
0647.6  -2688.7 -4880.7 
0686.1  -3696.7 -6240.7 
0709.2  -3696.7 -9008.7 
0663.0  -6208.7 -9008.7 
0678.4  -2224.7 -5456.7 
0655.3  -9520.7 -4288.7 
0647.6  -9520.7 -4880.7 
0693.8  -8592.7 -2016.7 
0663.0  -8592.7 -9008.7 
0786.2  -0976.7 -4928.7 
0740.0  -0976.7 -9008.7 
0678.4  -8592.7 -5456.7 
0686.1  -8592.7 -6240.7 
0732.3  -8592.7 -1808.7 
0670.7  -8592.7 -9232.7 
0732.3  -8592.7 -1808.7 
0670.7  -8592.7 -9232.7 
0693.8  -8592.7 -2016.7 
0763.1  -2224.7 -6448.7 
0740.0  -2224.7 -9008.7 
0678.4  -7456.7 -5456.7 
0686.1  -6208.7 -6240.7 
0686.1  -6208.7 -6240.7 
0724.6  -6208.7 -9008.7 
0663.0  -3696.7 -9008.7 
0632.3  -6208.7 -8416.7 
0701.5  -6208.7 -9008.7 
0647.6  -2224.7 -4880.7 
0724.6  -8592.7 -9008.7 
0678.4  -6208.7 -5456.7 
0639.9  -7136.7 -8144.7 
0670.7  -6208.7 -9232.7 
0724.6  -7136.7 -9008.7 
0770.8  -4752.7 -7072.7 
0740.0  -3696.7 -9008.7 
0763.1  -1312.7 -6448.7 
0763.1  -1312.7 -6448.7 
0586.2  -2368.7 -3920.7 
0809.4  -1312.7 -9008.7 
0755.4  -9056.7 -3648.7 
0693.8  -9056.7 -2016.7 
0716.9  -9056.7 -9008.7 
0724.6  -6672.7 -9008.7 
0655.3  -4288.7 -4288.7 
0740.0  -3616.7 -9008.7 
0670.7  -1904.7 -9232.7 
0740.0  -2832.7 -9008.7 
0747.7  -9392.7 -8544.7 
0670.7  -9392.7 -9232.7 
0747.7  -0448.7 -8544.7 
0793.9  -4080.7 -4864.7 
0663.0  -9392.7 -9008.7 
0639.9  -1904.7 -8144.7 
0686.1  -1904.7 -6240.7 
0801.6  -1904.7 -9792.7 
0647.6  -8848.7 -4880.7 
0740.0  -1904.7 -9008.7 
0647.6  -9392.7 -4880.7 
0670.7  -4080.7 -9232.7 
0670.7  -9392.7 -9232.7 
0701.5  -9392.7 -9008.7 
0763.1  -2832.7 -6448.7 
0655.3  -8848.7 -4288.7 
0732.3  -8848.7 -1808.7 
0678.4  -1904.7 -5456.7 
0755.4  -1904.7 -3648.7 
0732.3  -1904.7 -1808.7 
0639.9  -1904.7 -8144.7 
0786.2  -1904.7 -4928.7 
0755.4  -1904.7 -3648.7 
0747.7  -1904.7 -8544.7 
0763.1  -1904.7 -6448.7 
0778.5  -2832.7 -9008.7 
0693.8  -4288.7 -2016.7 
0763.1  -4288.7 -6448.7 
0740.0  -4288.7 -9008.7 
0686.1  -8848.7 -6240.7 
0709.2  -1904.7 -9008.7 
0716.9  -4288.7 -9008.7 
0809.4  -8848.7 -9008.7 
0709.2  -9392.7 -9008.7 
0670.7  -1904.7 -9232.7 
0732.3  -1904.7 -1808.7 
0655.3  -1904.7 -4288.7 
0709.2  -8848.7 -9008.7 
0663.0  -4288.7 -9008.7 
0724.6  -6672.7 -9008.7 
0701.5  -4288.7 -9008.7 
0670.7  -8512.7 -9232.7 
0709.2  -6672.7 -9008.7 
0740.0  -9056.7 -9008.7 
0663.0  -7664.7 -9008.7 
0732.3  -9056.7 -1808.7 
0701.5  -9056.7 -9008.7 
0755.4  -1312.7 -3648.7 
0709.2  -1312.7 -9008.7 
0747.7  -3696.7 -8544.7 
0701.5  -3696.7 -9008.7 
0786.2  -6208.7 -4928.7 
0755.4  -6208.7 -3648.7 
0663.0  -6208.7 -9008.7 
0655.3  -8592.7 -4288.7 
0732.3  -8592.7 -1808.7 
0747.7  -8592.7 -8544.7 
0740.0  -8592.7 -9008.7 
0732.3  -6208.7 -1808.7 
0647.6  -7456.7 -4880.7 
0624.6  -6208.7 -0544.7 
0663.0  -7456.7 -9008.7 
0716.9  -9520.7 -9008.7 
0724.6  -7456.7 -9008.7 
0732.3  -3696.7 -1808.7 
0678.4  -3696.7 -5456.7 
0786.2  -2688.7 -4928.7 
0747.7  -3696.7 -8544.7 
0655.3  -3696.7 -4288.7 
0655.3  -3696.7 -4288.7 
0639.9  -3696.7 -8144.7 
0716.9  -3696.7 -9008.7 
0701.5  -1312.7 -9008.7 
0732.3  -3696.7 -1808.7 
0670.7  -3696.7 -9232.7 
0686.1  -3696.7 -6240.7 
0639.9  -3696.7 -8144.7 
0632.3  -3696.7 -8416.7 
0716.9  -4752.7 -9008.7 
0716.9  -1312.7 -9008.7 
0747.7  -3280.7 -8544.7 
0616.9  -9056.7 -0752.7 
0655.3  -9056.7 -4288.7 
0686.1  -9056.7 -6240.7 
0663.0  -9056.7 -9008.7 
0732.3  -8048.7 -1808.7 
0678.4  -1312.7 -5456.7 
0701.5  -2368.7 -9008.7 
0701.5  -3696.7 -9008.7 
0693.8  -6208.7 -2016.7 
0747.7  -6208.7 -8544.7 
0763.1  -6208.7 -6448.7 
0793.9  -7136.7 -4864.7 
0747.7  -7456.7 -8544.7 
0639.9  -6208.7 -8144.7 
0678.4  -6208.7 -5456.7 
0693.8  -6208.7 -2016.7 
0755.4  -6208.7 -3648.7 
0732.3  -6208.7 -1808.7 
0709.2  -7456.7 -9008.7 
0670.7  -8592.7 -9232.7 
0701.5  -2224.7 -9008.7 
0755.4  -0976.7 -3648.7 
0740.0  -6992.7 -9008.7 
0678.4  -8592.7 -5456.7 
0678.4  -2224.7 -5456.7 
0678.4  -8592.7 -5456.7 
0693.8  -2224.7 -2016.7 
0639.9  -2224.7 -8144.7 
0755.4  -8592.7 -3648.7 
0686.1  -8592.7 -6240.7 
0747.7  -8592.7 -8544.7 
0716.9  -8592.7 -9008.7 
0663.0  -6208.7 -9008.7 
0693.8  -8592.7 -2016.7 
0770.8  -8592.7 -7072.7 
0663.0  -8592.7 -9008.7 
0770.8  -0976.7 -7072.7 
0763.1  -6992.7 -6448.7 
0663.0  -0976.7 -9008.7 
0709.2  -3360.7 -9008.7 
0701.5  -5744.7 -9008.7 
0724.6  -8000.7 -9008.7 
0724.6  -5744.7 -9008.7 
0701.5  -3360.7 -9008.7 
0655.3  -5744.7 -4288.7 
0647.6  -6656.7 -4880.7 
0740.0  -6656.7 -9008.7 
0716.9  -3360.7 -9008.7 
0678.4  -6992.7 -5456.7 
0701.5  -0976.7 -9008.7 
0686.1  -3360.7 -6240.7 
0724.6  -3360.7 -9008.7 
0763.1  -0976.7 -6448.7 
0693.8  -0976.7 -2016.7 
0693.8  -0976.7 -2016.7 
0755.4  -0976.7 -3648.7 
0724.6  -0976.7 -9008.7 
0740.0  -8592.7 -9008.7 
0740.0  -6208.7 -9008.7 
0740.0  -3696.7 -9008.7 
0740.0  -1312.7 -9008.7 
0724.6  -9056.7 -9008.7 
0755.4  -6672.7 -3648.7 
0701.5  -6672.7 -9008.7 
0740.0  -0048.7 -9008.7 
0616.9  -6672.7 -0752.7 
0763.1  -6672.7 -6448.7 
0709.2  -6672.7 -9008.7 
0686.1  -3280.7 -6240.7 
0655.3  -9056.7 -4288.7 
0770.8  -9056.7 -7072.7 
0824.8  -9056.7 -5136.7 
0701.5  -3280.7 -9008.7 
0670.7  -1312.7 -9232.7 
0755.4  -1312.7 -3648.7 
0663.0  -8048.7 -9008.7 
0740.0  -3696.7 -9008.7 
0763.1  -8048.7 -6448.7 
0701.5  -1312.7 -9008.7 
0663.0  -3696.7 -9008.7 
0647.6  -6208.7 -4880.7 
0716.9  -7456.7 -9008.7 
0716.9  -3696.7 -9008.7 
0709.2  -1312.7 -9008.7 
0709.2  -3696.7 -9008.7 
0709.2  -6208.7 -9008.7 
0755.4  -8592.7 -3648.7 
0755.4  -8592.7 -3648.7 
0716.9  -8592.7 -9008.7 
0724.6  -6208.7 -9008.7 
0747.7  -3696.7 -8544.7 
0732.3  -2688.7 -1808.7 
0786.2  -2688.7 -4928.7 
0724.6  -3696.7 -9008.7 
0793.9  -1312.7 -4864.7 
0670.7  -8048.7 -9232.7 
0709.2  -1312.7 -9008.7 
0778.5  -3696.7 -9008.7 
0678.4  -6208.7 -5456.7 
0747.7  -6208.7 -8544.7 
0724.6  -6208.7 -9008.7 
0670.7  -3696.7 -9232.7 
0755.4  -3696.7 -3648.7 
0770.8  -3696.7 -7072.7 
0716.9  -3696.7 -9008.7 
0747.7  -8048.7 -8544.7 
0709.2  -1312.7 -9008.7 
0724.6  -3696.7 -9008.7 
0770.8  -1312.7 -7072.7 
0801.6  -1312.7 -9792.7 
0709.2  -1312.7 -9008.7 
0732.3  -3696.7 -1808.7 
0732.3  -3696.7 -1808.7 
0701.5  -3696.7 -9008.7 
0701.5  -6208.7 -9008.7 
0817.1  -8592.7 -1280.7 
0786.2  -8592.7 -4928.7 
0755.4  -8592.7 -3648.7 
0824.8  -8592.7 -5136.7 
0709.2  -8592.7 -9008.7 
0709.2  -0976.7 -9008.7 
0755.4  -3360.7 -3648.7 
0709.2  -3360.7 -9008.7 
0701.5  -5744.7 -9008.7 
0778.5  -8000.7 -9008.7 
0732.3  -0384.7 -1808.7 
0709.2  -0384.7 -9008.7 
0817.1  -2896.7 -1280.7 
0724.6  -2896.7 -9008.7 
0724.6  -0384.7 -9008.7 
0778.5  -8000.7 -9008.7 
0786.2  -0384.7 -4928.7 
0763.1  -6064.7 -6448.7 
0824.8  -1440.7 -5136.7 
0801.6  -0384.7 -9792.7 
0724.6  -0384.7 -9008.7 
0639.9  -8000.7 -8144.7 
0778.5  -8000.7 -9008.7 
0793.9  -0384.7 -4864.7 
0801.6  -0384.7 -9792.7 
0770.8  -0384.7 -7072.7 
0693.8  -0384.7 -2016.7 
0755.4  -0384.7 -3648.7 
0809.4  -0384.7 -9008.7 
0655.3  -8000.7 -4288.7 
0701.5  -8000.7 -9008.7 
0686.1  -0384.7 -6240.7 
0770.8  -0384.7 -7072.7 
0817.1  -0384.7 -1280.7 
0678.4  -0384.7 -5456.7 
0747.7  -0384.7 -8544.7 
0678.4  -0384.7 -5456.7 
0793.9  -1440.7 -4864.7 
0716.9  -6064.7 -9008.7 
0724.6  -8000.7 -9008.7 
0740.0  -5744.7 -9008.7 
0809.4  -3360.7 -9008.7 
0732.3  -0976.7 -1808.7 
0740.0  -0976.7 -9008.7 
0747.7  -8592.7 -8544.7 
0724.6  -2224.7 -9008.7 
0686.1  -6208.7 -6240.7 
0778.5  -6208.7 -9008.7 
0716.9  -2224.7 -9008.7 
0793.9  -6208.7 -4864.7 
0693.8  -7456.7 -2016.7 
0709.2  -6208.7 -9008.7 
0793.9  -8592.7 -4864.7 
0747.7  -8592.7 -8544.7 
0770.8  -8592.7 -7072.7 
0693.8  -8592.7 -2016.7 
0701.5  -8592.7 -9008.7 
0724.6  -0976.7 -9008.7 
0663.0  -8592.7 -9008.7 
0709.2  -0976.7 -9008.7 
0817.1  -3360.7 -1280.7 
0747.7  -3360.7 -8544.7 
0639.9  -1888.7 -8144.7 
0809.4  -3360.7 -9008.7 
0732.3  -0976.7 -1808.7 
0763.1  -0976.7 -6448.7 
0716.9  -0976.7 -9008.7 
0701.5  -8592.7 -9008.7 
0817.1  -0976.7 -1280.7 
0663.0  -0976.7 -9008.7 
0616.9  -3360.7 -0752.7 
0747.7  -3360.7 -8544.7 
0709.2  -4352.7 -9008.7 
0716.9  -5744.7 -9008.7 
0755.4  -3360.7 -3648.7 
0701.5  -3360.7 -9008.7 
068 